100 12
33 137
21 131
4 38
27 32
10 118
24 153
38 189
20 71
3 2
3 194
23 43
9 157
16 43
14 97
23 197
9 190
29 39
1 196
25 27
10 120
3 116
13 153
7 163
36 120
27 33
10 154
10 94
36 108
15 40
22 32
6 192
39 178
29 120
8 12
32 15
37 27
13 80
33 5
20 65
36 103
23 87
40 136
4 32
8 152
28 169
37 141
26 181
10 116
4 3
24 188
36 85
10 106
31 42
1 109
20 88
35 43
30 174
38 69
30 60
9 88
33 6
12 36
29 166
10 178
10 74
27 80
13 48
37 194
9 187
22 133
31 112
9 195
26 65
17 65
19 53
11 10
16 153
25 21
30 90
9 153
19 71
16 121
28 69
11 102
15 10
18 41
15 22
21 17
12 145
9 24
37 158
19 183
4 158
30 104
30 69
36 103
25 155
21 93
24 10
7 43
