10000 100
94 40 26 76 97 94 56 2 51 18 16 81 53 45 74 92 91 6 1 60 25 57 74 7 24 7 80 6 61 64 25 13 50 82 7 43 73 87 29 100 10 36 8 74 19 47 95 37 46 84 26 78 24 14 49 15 38 46 33 53 30 30 66 69 11 41 52 50 50 18 96 17 18 99 37 81 62 28 80 72 22 66 92 53 73 40 15 19 67 50 26 79 34 52 36 52 95 96 49 17 
5 8 26
18 23 27
7 11 6
14 17 10
6 8 68
17 21 92
21 0 61
23 0 73
9 13 59
20 0 42
1 4 82
2 6 51
9 12 20
13 15 21
0 3 35
3 8 72
19 21 6
8 11 98
7 10 93
16 19 40
8 12 67
15 18 14
16 18 69
20 23 80
16 17 76
16 20 69
9 12 28
12 15 45
22 1 94
16 19 30
19 23 93
5 8 14
6 9 10
14 17 35
18 20 64
6 9 48
7 9 86
2 4 38
11 14 35
16 19 67
4 7 96
10 14 82
14 17 17
15 21 73
16 19 52
10 13 24
8 11 15
18 20 90
11 13 1
5 7 68
19 23 8
6 8 42
9 13 6
10 13 47
0 3 17
9 11 47
16 20 78
9 11 43
19 22 56
15 18 40
9 12 57
21 2 32
6 9 47
6 8 79
23 2 67
17 19 20
16 19 20
13 16 93
13 17 35
23 1 37
14 18 12
14 19 78
4 6 99
21 23 98
8 13 37
20 23 23
11 13 28
17 20 40
16 20 62
20 23 65
12 15 33
19 0 34
4 8 98
23 2 43
17 19 23
19 20 31
18 20 64
13 15 9
9 13 46
0 3 9
17 21 85
14 16 77
18 20 10
23 2 54
22 1 17
13 17 72
21 0 15
10 12 52
19 22 11
12 15 87
4 7 39
22 2 78
14 17 50
0 2 80
0 2 18
2 5 56
2 6 87
15 19 86
21 0 15
18 22 31
5 7 46
3 6 16
9 12 64
9 12 29
2 6 20
1 3 49
0 3 77
8 12 60
8 10 79
20 22 30
3 7 2
19 22 7
0 4 27
5 8 89
19 22 55
2 6 64
3 6 13
12 16 17
5 7 41
3 7 4
19 23 98
0 1 93
22 2 42
3 5 54
11 14 20
2 6 47
22 2 29
18 19 94
7 10 8
4 7 80
22 2 33
2 6 88
17 21 88
20 22 18
20 23 80
1 3 92
8 12 19
19 22 88
3 4 98
22 0 84
0 5 55
4 10 77
22 0 11
15 17 28
8 11 53
3 5 40
12 15 34
23 0 65
6 10 69
3 6 42
21 0 60
23 4 3
9 11 94
14 17 70
2 6 88
11 15 38
20 23 81
11 14 66
17 20 43
21 22 86
22 1 47
5 9 99
23 3 50
6 10 86
17 19 9
13 17 100
22 3 90
20 23 32
12 15 46
14 18 54
7 11 78
3 4 47
10 13 14
20 21 87
10 12 19
2 7 88
16 18 83
21 0 28
8 11 99
6 8 48
11 15 76
0 2 37
4 9 76
7 11 16
21 23 100
23 1 85
1 4 15
19 0 44
0 3 13
1 4 60
8 10 12
22 2 93
1 4 97
4 8 76
19 22 80
7 11 7
0 3 4
5 9 97
17 20 69
9 12 81
21 0 44
18 22 26
0 2 46
0 4 49
21 1 81
1 4 75
3 6 56
5 8 42
5 8 65
14 19 15
13 16 78
20 23 71
9 11 15
10 13 42
14 16 45
19 22 67
12 16 1
14 17 23
1 4 40
9 13 4
19 0 96
3 6 96
2 4 35
7 8 17
14 15 43
15 19 8
16 20 24
9 12 59
14 16 51
22 1 76
4 6 44
22 2 4
5 9 4
20 23 18
4 8 36
0 3 27
11 12 99
16 20 25
13 15 66
6 10 44
21 23 5
9 10 91
19 20 100
15 19 96
1 5 34
4 8 18
15 17 54
23 3 35
13 15 81
23 2 14
11 13 62
2 5 31
1 4 84
19 21 98
1 4 55
12 14 97
22 1 7
15 18 24
15 16 16
1 5 15
14 18 73
11 14 81
9 11 97
12 15 59
2 5 30
8 13 92
23 1 69
13 17 89
3 6 58
2 4 97
7 9 84
5 7 73
9 12 28
9 10 35
18 20 48
9 11 29
7 10 12
10 14 29
7 11 59
6 9 39
3 8 76
15 18 55
2 6 64
19 21 96
3 7 62
14 15 14
10 12 71
4 7 51
21 0 34
19 19 91
7 11 38
1 5 15
0 4 14
22 0 18
3 6 4
7 11 42
3 8 12
4 6 85
1 2 42
2 5 71
7 11 100
10 13 72
14 16 91
19 22 3
17 19 66
7 10 100
14 17 59
9 14 100
12 17 40
18 20 22
12 16 65
19 21 64
3 6 3
23 2 66
22 0 9
0 2 98
16 16 78
15 18 45
10 15 74
1 4 13
21 0 79
2 5 62
14 18 99
16 18 20
11 14 22
3 6 2
14 18 68
18 21 100
2 4 59
7 10 14
5 7 35
0 2 92
18 21 49
0 2 76
16 21 44
6 11 74
10 15 64
18 20 62
20 22 80
16 19 61
5 9 57
6 9 89
7 10 9
19 23 97
0 2 82
20 0 66
1 4 74
11 14 54
13 16 64
23 3 98
15 17 5
5 9 20
17 18 66
2 4 32
23 23 6
19 23 77
18 20 49
11 13 44
20 21 9
23 3 8
18 21 19
7 10 45
1 3 28
13 17 16
18 21 26
21 0 65
14 18 1
7 11 75
1 3 69
15 19 79
23 3 86
23 3 60
5 10 43
16 17 36
3 5 19
6 8 8
2 5 38
22 0 86
16 19 16
19 23 17
20 0 38
21 0 30
17 19 44
12 15 98
0 3 37
12 14 75
0 5 54
0 3 25
20 21 24
1 4 21
0 4 21
19 20 56
17 19 65
3 5 42
19 22 3
15 19 80
0 4 75
14 18 76
5 7 92
12 16 90
9 12 70
16 18 78
11 14 4
18 21 2
20 1 5
2 6 47
0 1 10
2 5 29
2 5 71
22 1 20
5 8 49
0 3 19
5 7 48
0 4 84
12 16 32
3 5 56
20 1 9
21 0 98
8 10 30
15 16 45
20 22 99
13 17 47
19 22 64
23 1 31
7 9 78
23 2 62
2 5 96
4 7 95
21 1 92
17 20 6
7 8 56
18 22 77
2 6 24
3 6 39
19 23 89
6 10 10
5 9 76
9 13 71
22 0 76
15 19 28
21 2 50
21 0 15
21 0 98
14 16 23
11 14 40
18 21 87
16 21 76
16 20 83
15 17 10
10 13 35
12 15 12
0 4 59
0 2 87
8 9 6
12 13 4
22 4 84
17 21 32
3 6 3
22 0 77
17 19 44
23 3 11
17 20 52
16 21 42
14 15 94
10 14 19
14 17 77
19 22 78
20 0 90
20 23 73
14 17 97
13 16 55
21 23 38
18 21 2
21 0 20
12 16 77
11 15 14
7 11 18
5 8 67
21 0 20
19 22 22
22 2 10
13 17 18
12 14 34
16 20 92
4 5 73
1 3 65
18 20 88
12 13 57
19 23 5
23 2 32
12 14 68
14 17 99
21 1 48
6 11 36
1 2 29
3 7 81
13 17 2
8 11 29
3 5 28
20 23 34
7 11 72
1 5 38
13 16 67
19 22 72
2 6 24
5 8 47
16 19 63
11 15 80
17 22 65
1 4 8
9 11 54
16 18 46
17 21 29
8 12 76
1 4 62
4 8 93
3 7 2
20 23 54
15 19 1
10 11 9
22 1 84
18 22 63
15 19 20
3 6 17
12 15 83
23 3 64
2 3 55
3 5 82
8 9 23
1 4 38
4 6 32
23 3 85
2 5 92
9 10 81
21 0 47
0 5 99
18 19 56
4 6 61
9 11 68
3 8 74
2 3 53
5 8 52
9 12 18
11 11 99
8 11 93
4 7 27
2 5 45
23 0 77
7 11 90
14 15 17
23 3 4
19 22 3
20 23 65
8 12 26
15 17 14
21 23 56
5 7 57
11 14 72
21 0 60
4 8 4
2 6 42
8 12 69
1 3 65
2 4 91
17 19 8
12 16 39
11 14 13
22 23 55
8 11 98
10 12 98
3 6 70
4 8 10
0 0 64
18 21 14
16 21 53
14 16 67
7 12 99
21 0 87
10 13 81
3 5 58
4 7 71
0 0 58
20 23 22
16 18 86
2 5 5
2 2 26
12 15 53
2 4 58
11 13 50
7 10 90
12 16 16
1 3 55
13 15 61
5 8 10
1 4 29
13 17 74
12 16 91
22 0 16
12 15 70
2 5 75
15 15 95
14 18 89
5 8 19
19 21 79
15 17 70
10 13 16
16 18 53
1 6 49
22 0 58
10 13 21
18 21 11
5 9 51
9 13 10
19 22 83
3 6 100
0 2 100
19 22 7
16 20 64
3 5 93
12 15 51
18 21 59
20 22 62
17 20 47
21 1 93
22 2 66
3 6 3
22 2 50
7 10 4
17 20 48
0 2 84
15 18 85
13 15 60
10 13 38
4 7 43
15 19 24
22 23 82
22 1 35
20 23 7
11 14 42
16 19 10
9 12 24
16 19 44
22 0 50
19 22 73
8 12 7
2 7 99
20 23 83
11 13 12
9 12 9
6 8 12
11 15 28
10 13 35
21 22 17
15 18 20
23 4 57
8 10 62
11 13 32
21 23 55
1 4 96
17 20 76
9 12 4
13 17 15
3 5 94
18 20 10
21 1 31
3 5 28
16 19 49
8 11 75
22 1 22
15 19 46
14 19 11
0 3 69
17 18 78
7 12 13
13 15 70
22 2 95
14 18 85
4 7 66
11 14 74
19 22 27
5 8 79
1 5 69
9 12 25
6 8 12
10 12 4
1 4 1
2 5 73
8 11 10
14 17 100
20 1 21
18 19 76
13 18 35
10 12 64
13 15 54
18 22 92
3 4 64
13 16 91
7 10 13
18 22 2
2 5 33
15 19 77
22 1 6
19 23 88
4 6 42
18 21 80
23 2 64
1 3 76
8 10 30
13 16 76
11 15 83
16 19 62
12 15 2
18 23 73
23 3 77
1 4 96
9 12 27
11 13 84
9 12 43
20 0 11
3 6 82
9 14 15
19 22 82
19 21 18
18 22 42
8 11 59
8 10 28
10 12 75
15 18 30
11 15 26
2 3 19
1 5 47
3 7 40
7 10 12
12 15 31
9 11 92
21 23 68
12 16 86
7 12 78
8 12 72
19 20 26
9 11 95
1 5 54
11 15 53
1 3 3
11 16 61
18 21 99
7 11 21
8 10 55
17 20 95
14 17 50
22 1 53
20 0 87
13 16 56
1 4 60
3 7 23
21 23 67
22 0 69
21 0 15
10 15 46
1 3 96
22 0 50
16 20 12
23 4 17
1 4 20
23 3 7
8 12 52
11 14 74
19 20 69
9 13 68
14 17 35
8 12 9
0 5 14
2 5 8
19 22 13
12 15 25
12 15 89
16 19 52
14 16 10
10 13 90
8 11 33
16 18 3
2 5 85
17 20 40
4 6 53
15 17 55
3 4 62
9 13 29
18 20 74
17 21 79
14 17 3
18 21 82
0 2 92
16 20 12
11 14 93
10 15 19
3 6 83
17 21 96
13 15 69
12 14 60
7 10 10
10 11 97
11 13 85
5 8 100
1 5 78
21 0 38
19 22 14
10 13 83
17 19 69
5 9 81
20 22 23
20 23 97
9 13 39
17 22 15
12 14 49
5 8 75
12 13 63
14 15 74
7 10 100
5 8 57
3 6 45
7 10 99
5 9 78
15 19 58
2 7 51
7 11 12
8 11 53
8 12 83
17 19 33
5 8 3
14 15 100
22 0 93
21 0 46
16 18 1
14 18 36
5 8 62
7 10 1
19 21 86
10 14 94
16 19 68
8 12 85
14 17 88
16 19 35
9 12 20
3 4 62
13 16 95
15 19 23
22 2 14
23 2 5
16 17 42
19 22 88
3 7 22
0 6 87
15 17 64
2 5 36
14 17 51
8 10 64
21 22 18
2 6 87
2 6 37
20 22 54
5 8 34
6 9 36
15 18 98
17 21 90
7 9 30
18 20 23
4 8 85
4 7 15
15 17 13
8 9 97
20 22 32
0 4 59
8 11 66
17 21 59
15 16 5
21 0 38
13 16 39
14 17 47
2 6 59
6 9 20
16 18 85
16 18 49
16 19 13
14 17 49
20 23 25
11 12 46
8 11 65
10 14 43
12 14 95
6 9 28
1 4 4
16 21 54
2 4 10
6 11 98
8 11 88
4 6 99
3 6 86
21 2 28
19 22 89
1 4 9
13 16 84
2 4 26
6 8 54
7 10 79
1 2 12
15 19 93
23 1 59
19 22 89
5 8 94
0 4 98
17 20 57
23 1 99
11 13 56
1 5 58
6 9 63
22 1 75
16 19 97
4 7 16
1 5 45
10 13 81
11 14 22
9 13 75
17 20 17
15 18 16
3 5 79
1 2 27
22 1 82
10 13 46
13 14 23
4 7 7
12 14 4
18 21 84
5 8 66
20 22 71
10 12 24
5 8 11
21 0 52
15 17 61
12 15 59
3 4 80
14 18 78
20 0 74
12 13 76
18 21 28
18 21 35
23 2 61
2 4 74
6 11 67
19 20 100
13 17 17
18 20 11
14 18 97
18 21 15
1 5 83
22 1 28
2 4 45
6 9 91
5 9 72
10 15 3
22 1 36
19 23 98
8 11 93
2 6 52
5 10 24
8 12 40
8 12 40
16 19 20
15 19 38
11 15 58
12 15 23
12 15 59
15 18 75
3 6 44
10 13 99
18 22 68
13 16 29
16 19 26
22 23 4
21 0 72
0 2 48
18 21 5
16 20 58
3 8 76
3 6 59
23 0 75
0 3 5
2 6 32
0 4 79
15 17 31
22 1 85
17 20 87
4 8 9
13 17 58
21 0 73
9 13 94
3 7 59
11 12 65
21 0 44
13 17 56
23 2 52
15 20 76
23 3 2
23 3 21
18 20 72
1 4 74
15 18 40
18 22 84
16 18 93
14 17 97
16 18 54
17 22 97
1 4 34
15 19 39
11 14 34
20 23 75
7 9 22
5 8 30
23 3 90
16 20 10
18 21 68
21 1 41
23 2 97
9 12 47
9 12 13
17 21 95
0 3 96
8 9 59
16 19 1
18 21 32
17 20 84
13 17 8
20 23 8
1 5 49
5 7 68
15 17 40
14 18 41
7 10 97
18 21 12
3 7 22
8 12 77
23 1 85
21 23 90
13 18 40
2 6 19
21 23 76
7 9 18
5 7 59
22 2 48
12 16 50
2 6 30
7 10 4
5 8 49
2 6 39
20 22 37
5 8 42
10 12 61
8 11 98
10 13 82
11 13 49
6 8 19
4 8 10
18 23 10
6 10 17
20 22 79
19 20 83
1 3 85
3 5 56
8 11 32
22 1 98
2 4 96
14 17 88
15 18 97
2 3 79
9 12 51
18 20 25
10 14 42
0 3 16
1 5 24
21 23 56
16 19 39
23 2 4
19 22 83
21 0 44
13 17 87
4 7 55
3 6 92
13 15 5
8 11 69
1 3 32
17 20 21
3 6 100
2 5 31
6 8 52
19 23 12
4 8 15
19 20 58
1 4 24
12 17 68
16 18 3
23 3 13
10 12 86
16 20 84
1 4 20
17 20 11
18 21 26
20 0 7
14 17 26
5 8 9
15 19 63
23 1 4
11 13 97
12 15 16
21 1 69
5 8 47
12 16 54
6 8 66
14 17 18
18 21 62
23 1 93
10 12 34
1 1 36
16 18 47
10 13 77
4 7 35
23 3 20
10 13 91
10 12 58
8 11 23
0 2 83
18 19 29
23 3 32
18 21 52
7 12 22
21 23 9
8 11 57
2 4 63
17 20 99
6 10 57
4 8 48
7 10 8
15 18 16
15 19 54
13 18 70
14 15 28
12 15 2
7 10 91
19 23 90
2 5 44
5 7 17
13 16 53
10 13 16
12 15 95
1 5 5
21 0 90
1 2 37
5 8 16
6 9 78
0 3 1
12 15 34
21 0 59
18 21 48
2 5 29
0 4 66
11 15 11
4 7 76
16 17 2
0 3 96
21 23 13
15 19 45
15 17 86
18 21 63
0 3 96
18 22 68
22 0 67
18 21 13
16 19 85
0 4 71
13 15 71
7 11 84
20 22 50
10 14 13
4 8 92
8 10 11
10 13 1
20 0 18
9 12 72
0 4 56
3 8 20
20 1 95
17 21 9
10 12 17
16 19 81
14 17 94
20 0 15
4 6 53
22 1 85
2 2 33
20 23 47
3 6 12
20 22 26
15 18 15
6 9 84
13 17 34
6 11 31
20 2 84
21 0 12
21 0 36
14 19 32
17 21 75
10 14 29
17 20 53
14 17 8
9 12 70
11 13 89
11 14 56
5 8 40
23 1 26
19 22 63
4 8 58
0 4 26
10 12 57
6 10 18
15 18 56
11 15 92
18 21 39
0 3 97
21 0 94
2 5 39
15 17 87
10 14 41
12 14 12
8 10 42
5 6 44
12 15 100
0 2 80
6 10 42
6 7 92
20 21 12
0 3 12
15 16 98
9 13 82
3 8 48
12 14 59
2 6 61
19 22 36
11 15 54
10 13 37
17 19 85
6 10 82
21 0 45
5 9 37
23 1 93
8 10 9
4 6 18
14 14 52
12 15 10
21 0 57
8 10 70
18 22 45
15 18 85
6 9 11
11 12 74
2 4 85
17 20 87
6 9 98
20 0 24
16 20 2
9 12 23
16 20 17
2 6 45
14 17 22
10 12 92
12 15 81
16 19 13
11 12 25
3 8 36
0 2 9
0 3 34
9 12 24
1 5 76
14 14 33
23 3 33
6 10 63
7 10 58
21 1 29
2 5 24
23 3 43
0 4 20
16 19 76
8 11 73
19 21 10
15 18 2
11 15 83
18 21 7
17 19 86
19 0 40
5 8 5
12 15 64
21 23 57
21 23 33
6 8 41
15 21 22
5 8 56
20 0 81
16 21 61
23 3 19
23 2 77
19 22 19
9 12 43
10 13 40
17 20 82
12 14 28
9 13 53
3 5 60
3 5 6
18 20 37
2 4 43
10 12 37
0 2 16
16 19 47
8 13 31
15 17 81
1 4 86
3 6 79
20 22 69
20 22 16
0 3 8
20 22 17
16 18 53
10 12 24
12 16 25
10 13 66
5 8 67
7 9 13
22 23 7
15 16 49
15 17 83
23 2 97
12 15 4
0 6 67
5 9 37
23 1 78
3 7 17
1 4 7
13 15 92
2 4 46
7 11 8
11 13 81
18 19 49
3 4 29
10 15 34
16 17 96
9 11 86
10 13 22
2 4 32
14 17 96
8 11 12
15 17 9
18 21 8
8 12 70
16 18 43
13 17 16
3 7 89
13 16 22
10 14 13
4 7 45
2 7 48
22 1 67
5 8 74
13 15 95
0 1 75
2 5 79
9 12 32
0 4 19
22 23 36
4 7 80
11 14 12
8 10 96
18 21 34
12 17 98
14 18 4
8 12 13
4 7 16
22 2 84
9 13 74
18 20 21
11 13 90
21 0 44
3 5 51
15 21 94
14 16 43
15 19 83
12 16 46
6 7 43
4 9 52
16 20 77
19 21 86
22 1 68
13 15 69
8 12 99
8 11 57
2 6 66
15 18 80
14 19 80
14 19 6
6 8 57
21 0 43
12 14 31
0 1 97
2 5 64
1 3 8
1 5 33
0 4 92
6 9 94
7 8 15
6 10 22
4 5 59
3 5 23
9 12 25
0 5 77
12 15 52
5 9 91
10 14 31
0 3 93
23 2 78
23 1 29
21 23 98
22 2 29
6 9 14
19 22 25
20 21 11
13 17 9
15 19 33
0 3 61
16 20 86
11 12 5
15 19 68
15 19 11
2 5 82
9 11 25
1 3 68
15 19 34
3 7 19
16 20 44
16 18 22
20 0 31
18 23 43
22 1 19
1 4 100
10 14 45
4 6 94
4 7 26
21 0 77
2 6 64
13 17 3
14 16 45
0 2 40
4 7 94
19 22 73
23 2 16
16 20 41
20 1 97
3 7 60
10 14 91
4 7 71
11 16 3
15 18 48
18 22 37
8 12 50
12 14 47
16 19 15
7 11 78
21 23 30
0 2 56
9 13 36
1 4 29
18 21 13
17 21 54
19 22 39
17 20 63
21 23 39
8 13 15
20 23 5
15 17 35
11 14 15
20 21 64
4 8 27
16 18 25
20 0 61
23 4 86
21 23 46
0 3 5
3 6 8
12 17 77
23 3 67
3 5 63
18 22 7
15 19 98
23 1 12
7 9 48
20 0 22
5 10 46
23 1 68
21 23 50
8 10 79
9 12 71
23 3 55
17 20 44
19 22 10
19 22 5
8 12 37
19 21 47
4 8 26
13 18 81
6 8 7
11 14 8
19 22 98
22 2 19
16 22 93
23 2 54
17 22 16
1 4 30
8 12 76
17 20 99
10 13 12
8 12 87
12 15 17
11 13 98
13 16 98
10 15 75
14 18 2
4 7 9
12 14 65
10 14 36
21 0 36
15 19 35
15 16 59
1 4 77
0 4 96
22 1 60
19 22 24
0 3 6
10 14 93
12 16 34
23 3 95
2 6 74
7 8 76
7 12 78
4 6 5
11 13 59
15 19 14
8 10 26
14 18 78
1 4 32
23 2 67
22 1 65
15 17 26
15 18 88
18 21 37
14 16 8
8 12 67
5 8 67
14 16 34
17 20 55
8 10 8
13 17 93
1 4 74
2 5 68
4 8 53
8 11 13
4 6 91
6 9 52
21 0 42
21 23 89
17 20 34
19 22 89
3 7 32
15 19 21
12 15 29
9 12 29
12 15 51
14 15 63
10 12 17
7 11 46
18 23 34
15 17 59
23 4 60
12 15 38
9 11 64
16 19 93
8 13 56
19 23 73
17 20 100
22 0 73
6 7 55
17 20 57
5 9 25
1 4 53
19 23 21
3 5 44
14 19 8
10 13 22
5 6 49
0 4 80
18 22 98
5 8 52
11 15 89
6 10 97
7 9 92
17 19 15
9 13 27
7 11 11
5 7 26
15 20 45
1 6 47
16 19 51
8 11 40
18 23 47
11 14 42
20 23 20
11 16 20
6 10 1
9 12 3
19 21 86
11 13 24
18 20 36
22 2 10
0 2 68
9 13 47
10 14 67
15 18 10
9 13 20
5 8 90
18 20 37
17 20 47
13 15 72
12 15 49
17 20 10
1 3 37
2 5 86
19 22 89
13 16 58
13 17 10
0 4 96
16 17 6
7 11 72
6 8 27
7 10 82
0 3 85
20 0 71
20 23 9
17 19 20
7 9 91
23 1 2
12 15 43
1 3 28
23 3 26
13 16 42
2 5 67
13 15 91
11 14 2
3 6 29
8 10 4
8 11 50
6 9 30
3 7 38
5 8 83
17 20 60
17 22 88
1 4 59
13 16 38
14 17 55
5 7 15
11 13 63
13 14 50
5 8 88
6 8 19
22 0 35
6 11 42
0 4 13
0 3 59
4 4 12
11 14 60
8 12 3
12 16 99
20 1 85
3 6 39
20 23 38
11 12 11
1 3 52
9 13 51
16 18 81
16 20 18
17 20 74
3 7 25
0 4 63
5 8 3
19 21 91
6 9 10
20 22 12
22 1 89
1 3 33
12 16 95
2 4 79
19 20 83
8 11 69
19 21 97
18 0 11
21 1 54
21 1 25
1 4 18
0 4 96
14 17 81
6 10 90
20 23 84
1 4 56
21 1 53
12 13 39
10 13 60
1 2 92
15 17 100
2 5 38
15 19 32
20 0 36
13 15 100
19 23 95
21 1 34
20 23 67
2 4 82
16 21 72
21 1 67
11 12 30
14 18 59
0 4 59
4 6 91
6 10 24
12 15 48
20 23 16
4 8 25
9 13 36
10 14 47
2 3 100
1 5 13
9 11 21
5 8 22
18 21 18
4 6 36
16 18 15
11 14 38
23 1 38
19 21 82
16 19 91
5 8 15
16 20 44
12 15 16
3 4 96
5 5 7
14 18 13
18 21 78
9 12 38
17 18 50
16 17 67
21 1 11
2 5 75
12 15 14
17 20 19
15 19 34
1 4 22
6 7 57
22 2 20
23 3 28
22 23 54
23 3 78
23 3 89
5 7 60
3 6 8
5 8 62
15 19 5
5 7 83
3 6 63
3 5 86
12 15 61
10 13 9
19 21 83
5 8 36
18 23 46
1 4 95
1 5 94
13 15 3
0 4 52
8 12 43
23 2 76
0 4 71
2 3 59
7 12 86
3 7 49
11 14 55
18 21 21
14 16 74
7 9 62
11 12 34
21 0 91
23 3 74
3 4 26
14 17 77
15 17 56
10 14 78
21 1 86
6 9 98
13 16 84
1 5 60
16 19 38
16 20 19
13 15 54
23 2 49
0 3 17
3 4 29
20 23 61
2 6 55
0 1 3
6 10 26
3 6 33
23 3 46
16 20 38
14 18 14
7 9 37
8 11 82
2 5 24
21 0 34
2 7 27
18 19 60
21 0 16
8 12 34
9 10 74
22 1 51
7 9 6
11 15 74
2 5 12
7 8 54
14 17 36
9 13 70
19 20 46
8 12 3
8 9 18
20 23 12
9 13 65
23 2 93
5 7 72
0 4 26
6 9 59
21 23 70
23 3 97
11 13 33
10 12 40
5 8 8
9 12 94
13 16 88
13 17 96
23 2 76
12 14 63
3 7 98
2 4 55
21 23 5
19 21 11
1 1 100
18 20 91
14 18 64
18 23 32
23 3 32
22 1 9
11 13 8
2 7 99
12 15 25
22 3 87
8 11 26
1 2 52
9 12 31
4 7 10
0 2 83
19 23 70
11 13 37
5 8 96
20 21 95
19 23 5
20 23 18
3 6 87
4 7 66
0 4 18
13 17 26
12 15 52
5 7 30
23 2 37
2 5 11
22 1 58
3 5 2
9 12 39
8 10 7
2 6 82
20 22 14
3 8 11
17 21 42
3 5 24
10 13 52
0 2 1
19 22 76
4 8 28
4 8 11
0 4 86
13 16 12
14 16 35
0 3 13
7 9 78
16 20 48
8 13 57
7 11 26
21 23 85
0 3 69
10 13 82
0 3 94
22 1 29
3 4 22
16 19 76
1 4 75
21 0 23
1 5 19
23 2 36
10 12 93
19 21 22
3 7 100
20 23 66
1 4 33
13 14 1
10 15 6
17 20 50
6 9 35
16 20 4
18 21 94
20 23 98
11 14 38
1 4 72
16 20 34
1 5 63
20 23 76
9 11 40
14 16 20
1 3 3
19 0 47
2 5 66
7 10 87
2 4 33
5 7 76
21 1 7
13 14 94
10 12 22
3 7 17
22 3 90
20 22 69
23 1 18
0 3 15
18 22 32
2 5 44
4 6 48
10 12 49
13 15 1
4 6 52
3 6 73
11 13 53
9 12 33
8 11 44
0 2 70
16 17 3
22 2 62
4 7 17
20 23 38
23 1 98
21 1 2
10 14 3
19 22 55
6 11 86
5 8 15
5 9 17
6 9 65
21 0 94
6 10 5
17 22 51
1 5 93
21 0 99
4 9 54
17 21 77
22 0 7
10 13 39
15 17 9
5 10 72
19 20 30
23 4 8
6 8 73
19 22 47
11 14 43
14 17 19
0 1 58
7 9 14
5 9 12
2 5 8
11 16 35
13 17 81
22 1 97
18 20 20
19 21 35
10 13 29
10 14 1
16 19 33
11 14 67
17 18 58
21 0 59
21 0 84
6 10 96
19 20 51
2 5 65
15 18 86
6 9 90
23 0 53
12 14 57
14 17 38
13 18 14
23 2 4
16 18 94
21 0 16
1 5 59
18 21 44
5 7 32
16 17 35
9 12 9
5 9 25
8 10 72
12 17 79
17 20 19
8 12 36
3 8 77
13 17 96
5 8 2
21 1 16
18 21 19
22 23 93
7 11 52
14 19 55
3 5 43
7 11 25
7 12 46
11 15 23
14 16 59
6 9 40
7 9 20
4 6 2
14 18 37
2 5 73
13 15 66
6 8 31
1 4 44
3 7 65
17 20 12
18 22 39
10 12 45
5 10 35
15 19 79
2 5 1
23 1 70
16 19 22
6 9 84
7 10 58
16 19 34
3 6 67
1 5 98
1 6 91
12 15 73
18 21 62
14 18 28
23 3 46
22 2 50
12 15 36
18 21 75
21 0 24
3 5 90
6 9 69
6 11 87
5 7 22
15 18 22
21 0 37
18 21 43
14 17 98
12 14 91
14 16 75
20 23 24
19 21 45
11 15 50
12 16 26
12 16 67
14 16 71
7 8 84
5 8 11
6 9 84
12 15 73
16 19 30
15 17 41
22 0 69
17 20 18
16 19 17
18 22 90
18 20 29
6 10 24
10 12 75
5 8 86
22 1 37
8 12 59
12 17 33
20 23 94
10 13 90
11 15 67
1 4 24
12 16 33
7 12 16
5 8 45
21 23 31
8 10 93
23 3 62
0 3 70
21 23 31
16 18 28
19 22 35
19 0 51
3 6 63
2 6 28
1 4 36
12 16 94
16 20 24
17 21 35
10 12 29
19 22 13
6 9 89
12 15 32
15 20 89
9 12 16
15 18 58
1 5 34
11 13 26
5 7 14
16 20 84
12 14 12
17 21 17
11 14 75
9 12 28
8 12 13
13 15 92
6 9 24
10 13 61
4 6 12
22 4 80
23 3 82
5 8 53
22 0 17
2 7 6
3 6 100
23 1 93
23 3 53
10 12 83
18 20 43
14 16 59
11 13 6
3 7 99
1 4 86
22 1 62
20 0 2
1 5 91
4 8 73
10 13 31
4 6 57
8 12 27
6 9 52
13 15 7
2 5 33
9 13 85
11 14 61
15 18 82
1 4 84
22 1 28
23 2 12
17 20 44
10 14 63
20 23 77
16 18 41
14 17 81
6 10 88
4 9 3
19 0 28
1 5 63
10 13 71
14 16 27
1 5 98
12 13 83
17 19 60
17 20 68
10 14 35
9 11 22
2 4 39
17 21 65
14 16 6
9 12 15
23 3 8
7 8 57
17 21 14
8 10 86
1 4 10
1 4 26
19 21 68
9 11 21
23 2 78
16 19 29
14 18 39
21 1 75
19 0 8
2 7 11
23 2 45
17 21 99
2 5 45
23 2 60
22 2 22
23 2 47
21 0 39
20 23 30
11 13 72
23 3 61
16 20 76
15 17 1
18 21 23
14 16 16
18 20 51
20 22 85
23 0 46
22 1 76
17 18 3
12 14 56
13 16 30
10 12 54
12 16 50
9 14 29
15 17 86
4 5 54
5 8 85
4 7 71
16 19 94
19 22 53
0 3 67
21 23 43
6 9 5
18 21 64
18 0 97
20 23 89
9 13 55
4 7 96
16 18 22
5 8 2
20 23 7
23 3 99
10 12 44
20 22 18
21 1 73
8 11 51
21 1 22
11 16 55
1 5 32
17 19 100
20 23 39
22 22 56
16 20 43
13 15 90
23 2 76
3 6 13
14 15 100
22 2 18
0 2 87
8 10 81
13 14 59
9 13 74
7 8 82
7 8 78
10 14 16
23 2 38
6 8 53
3 6 36
10 16 72
3 6 32
18 22 66
8 11 94
21 23 53
20 23 53
2 5 84
21 0 30
5 9 74
21 22 1
16 18 21
0 3 100
21 0 68
9 10 82
1 2 93
16 19 56
11 12 80
13 16 76
20 22 6
19 20 54
5 6 52
13 17 66
11 14 28
12 13 31
16 18 43
4 7 50
23 3 53
14 18 97
4 7 44
13 13 77
10 12 55
9 13 92
3 6 49
5 8 90
3 6 68
20 23 87
15 19 18
23 2 3
16 18 75
4 7 66
11 14 1
23 3 7
17 21 94
12 15 75
9 10 66
3 5 94
16 20 34
0 2 85
0 3 91
3 4 6
1 3 64
19 22 31
22 2 81
0 3 59
20 22 3
18 21 38
23 3 27
7 9 27
5 9 28
9 12 2
16 19 79
21 2 42
2 4 79
18 20 27
5 10 62
4 7 81
16 20 9
10 12 87
20 0 40
18 22 82
12 16 4
10 13 97
13 16 1
0 3 72
11 16 77
15 18 63
17 20 73
9 12 77
22 1 41
16 18 33
5 5 53
12 17 7
5 9 9
19 23 46
5 7 63
16 21 75
7 9 59
6 10 92
3 6 5
9 11 98
10 12 53
18 21 20
1 4 88
12 15 80
3 8 48
7 9 56
3 5 54
2 7 27
14 16 88
2 5 82
22 1 44
20 23 15
7 11 95
6 6 29
23 3 29
22 0 94
15 17 15
3 5 18
22 2 51
16 19 80
16 20 54
15 17 30
5 8 14
13 15 60
13 16 60
3 6 60
3 7 92
0 1 64
11 13 100
15 18 95
15 16 79
17 21 42
10 14 41
17 20 10
18 22 13
3 7 4
20 22 40
19 22 29
7 12 90
17 18 11
7 11 39
7 11 78
13 16 22
15 17 69
6 8 59
1 5 31
17 20 95
11 13 99
19 23 2
3 4 1
3 6 29
22 2 27
1 4 43
17 19 67
16 18 99
14 16 35
3 7 19
6 7 7
23 4 81
21 23 59
8 11 54
16 19 71
2 5 22
22 3 65
14 19 80
1 5 8
3 6 59
19 21 76
2 6 100
1 5 69
23 2 82
17 21 34
0 3 9
8 10 79
23 3 73
14 18 34
20 23 86
6 10 27
21 1 54
22 1 5
21 0 33
12 15 88
12 15 89
4 6 52
3 6 47
12 15 13
12 16 98
6 8 97
6 9 2
5 7 3
4 6 84
21 1 50
5 9 8
11 14 11
10 13 6
16 18 19
15 17 25
8 11 89
3 6 85
18 21 8
19 21 91
5 9 2
9 12 73
5 8 92
4 8 63
2 6 94
10 13 71
23 1 33
2 5 23
17 21 85
11 14 48
1 6 59
13 15 28
20 23 98
16 20 58
19 22 54
10 13 33
8 11 65
23 2 40
10 13 52
16 20 76
16 20 78
20 0 87
4 5 13
4 8 69
14 18 2
2 4 13
18 22 28
5 9 91
23 2 61
5 9 66
16 20 40
22 2 64
19 23 86
20 23 72
4 7 62
15 18 11
2 5 79
17 18 35
2 3 88
14 16 13
12 16 11
21 23 99
3 6 52
8 10 81
9 12 41
23 3 84
10 14 76
16 17 86
20 22 56
23 2 12
22 0 93
15 18 87
12 16 76
21 23 29
11 14 92
6 10 48
15 18 77
18 21 61
17 20 100
14 18 90
2 7 70
11 14 93
22 2 73
1 4 28
21 1 17
3 4 63
7 9 8
12 15 20
18 22 16
22 1 77
10 11 82
15 17 40
11 14 71
3 5 73
3 6 46
14 20 10
2 5 95
18 23 59
2 5 24
4 6 100
12 15 97
11 14 43
22 1 22
3 6 55
16 18 67
10 13 11
7 10 77
2 5 35
15 19 28
7 9 62
6 9 40
18 21 70
19 21 67
14 17 99
22 1 19
8 11 51
14 17 47
9 14 59
12 15 52
23 1 2
14 16 66
19 23 98
6 8 59
23 2 54
16 19 29
12 15 2
7 9 15
14 17 64
2 4 77
21 0 39
11 13 100
23 2 23
10 12 96
5 8 80
14 17 96
14 18 11
14 16 68
7 8 44
15 17 90
16 18 11
18 20 74
2 3 45
0 1 95
12 15 56
0 2 48
23 4 3
2 3 11
1 3 7
12 13 44
1 4 57
1 4 8
12 15 58
1 4 66
23 1 83
20 0 88
17 20 67
13 17 73
7 9 57
23 2 21
2 7 84
14 17 69
21 23 60
16 18 81
4 7 66
13 16 33
1 5 64
23 2 73
14 17 26
17 20 67
23 1 92
2 5 26
1 3 27
7 11 61
7 11 11
14 18 98
20 22 67
0 4 36
2 6 63
2 5 32
5 8 67
6 9 37
19 0 80
19 21 67
11 14 32
1 4 98
17 21 94
10 13 25
19 23 83
0 4 65
13 15 3
8 10 19
8 12 52
20 0 92
8 11 10
14 17 72
11 13 70
23 2 28
9 12 30
18 20 83
10 13 99
5 8 51
19 22 45
4 7 15
16 19 95
12 14 20
10 14 7
15 17 62
10 12 33
7 10 4
0 3 3
21 0 69
2 5 28
18 20 9
14 17 61
10 15 9
14 18 94
18 22 85
15 18 49
22 0 6
4 6 49
22 0 14
9 13 46
22 1 21
21 0 62
22 1 62
18 22 2
2 5 23
5 7 9
19 0 43
10 12 96
2 5 11
10 14 38
11 14 51
7 10 2
3 6 50
9 14 56
19 21 28
21 0 34
15 18 4
0 4 14
7 9 32
15 19 56
20 20 14
13 17 70
23 3 29
9 12 42
18 20 54
9 11 73
7 10 11
8 11 48
11 14 83
20 22 76
21 1 19
20 22 46
13 17 50
21 22 27
3 8 84
10 13 41
14 17 13
14 17 87
19 22 50
13 16 95
13 15 29
17 19 26
4 8 75
21 1 83
18 22 50
0 2 54
20 23 43
11 13 87
16 20 33
23 3 46
19 22 82
1 3 19
8 12 30
15 16 29
18 19 75
20 21 81
10 13 55
12 16 90
23 3 58
4 6 76
10 14 92
23 1 27
20 0 16
14 17 37
2 4 98
2 8 50
10 12 53
1 4 98
17 20 60
17 19 44
19 21 94
2 4 99
7 10 15
3 6 33
16 19 43
5 9 59
4 6 18
14 16 58
6 7 94
15 17 18
17 19 12
6 10 6
19 23 16
16 21 36
21 1 28
10 12 4
14 18 55
18 22 35
2 5 33
16 21 80
19 21 52
0 4 46
21 1 3
13 17 18
7 11 95
12 14 25
0 3 61
14 17 47
13 14 7
17 18 51
17 19 89
9 13 86
22 2 80
0 2 38
2 5 99
13 16 15
13 16 14
8 12 99
19 22 49
13 17 25
12 16 5
10 12 74
0 4 94
0 1 56
12 15 12
11 14 24
18 21 30
19 22 63
13 17 36
20 1 12
12 15 73
15 18 81
2 5 61
3 6 97
8 13 65
19 22 87
2 6 44
16 18 11
20 23 53
3 6 83
12 15 11
7 10 44
23 3 65
14 16 31
7 9 18
5 9 79
13 16 4
7 10 96
4 8 51
7 8 63
8 10 61
11 13 31
3 5 7
15 19 81
4 8 53
2 3 25
20 23 35
16 20 52
9 12 64
8 13 22
2 5 94
11 13 76
14 17 26
3 4 45
2 7 26
3 4 26
7 11 27
20 23 34
17 20 69
12 15 40
12 16 99
10 14 81
6 9 65
1 3 27
0 3 5
17 21 14
1 5 18
6 7 3
22 0 2
19 22 37
1 5 86
1 3 95
21 1 83
4 7 19
22 0 91
2 5 27
20 1 20
23 3 34
5 6 64
9 12 26
8 11 95
19 20 92
4 7 91
5 7 91
19 23 56
1 4 5
8 11 37
11 14 73
2 5 8
6 11 49
8 10 45
22 0 16
18 21 83
9 12 34
9 13 36
12 14 61
12 16 42
19 23 17
14 16 32
19 0 24
12 16 52
22 1 86
21 1 75
12 15 2
15 19 84
23 2 19
15 18 32
14 17 87
8 10 20
22 2 19
19 22 51
15 19 28
14 16 65
12 15 71
7 11 5
6 9 55
14 18 98
1 5 61
20 22 40
19 23 100
12 13 46
10 12 25
16 20 96
20 0 92
15 18 17
17 21 80
23 2 80
11 14 32
1 4 97
15 17 7
0 3 81
13 16 15
19 21 15
4 6 5
15 19 82
9 11 93
15 18 66
6 10 79
10 12 87
17 20 8
4 8 70
0 4 73
20 0 74
13 17 38
13 15 51
0 4 81
9 12 19
3 4 28
8 13 24
21 2 34
13 15 45
12 15 40
17 20 67
9 10 28
11 14 40
8 9 33
15 17 54
23 2 16
4 8 52
19 23 79
3 7 35
13 17 56
21 0 88
23 2 28
18 20 27
18 21 23
6 9 28
0 2 94
5 9 66
23 0 25
23 3 59
9 12 78
13 14 99
17 19 21
21 2 66
20 21 7
6 9 53
13 18 13
9 11 4
3 4 63
14 17 91
17 19 3
3 5 90
13 17 4
1 3 96
22 1 25
8 12 84
4 7 49
20 1 31
15 18 50
21 0 100
6 10 97
1 3 44
18 21 67
21 1 31
21 22 17
10 12 23
20 22 79
15 19 66
21 22 14
19 21 83
14 15 23
8 11 60
20 22 74
6 9 21
22 1 46
19 23 90
4 7 100
13 16 63
9 11 92
19 23 38
2 5 84
6 10 3
4 8 47
17 20 58
3 6 79
0 3 42
1 3 13
14 18 74
2 5 20
18 22 77
3 5 92
14 16 84
19 22 24
6 9 81
16 19 35
14 17 73
22 0 100
19 22 50
21 2 53
14 17 51
21 1 20
6 7 29
5 7 38
8 9 60
13 16 50
10 13 26
3 6 96
16 19 50
17 21 77
9 12 17
1 5 23
8 11 96
1 4 88
15 17 52
9 14 22
20 0 3
1 3 30
17 21 61
6 9 54
0 3 35
2 5 38
12 16 1
12 16 50
0 4 48
10 12 74
10 13 98
2 6 92
22 0 57
3 6 72
5 9 99
7 9 73
11 15 31
4 5 44
17 19 17
1 6 44
18 21 55
10 11 31
20 23 92
15 19 14
19 22 16
22 3 10
21 2 95
14 16 52
17 20 44
18 21 48
15 18 58
0 1 3
17 21 59
2 4 75
3 7 19
11 15 51
5 7 82
4 7 16
22 2 70
2 5 20
7 9 93
15 18 59
12 16 45
23 1 20
8 11 75
6 9 46
19 22 89
5 7 75
1 5 35
20 22 97
23 1 17
10 13 17
4 6 96
7 12 86
19 1 96
19 23 9
1 2 98
0 4 12
12 14 11
13 15 50
17 19 34
10 12 33
12 13 58
2 5 46
12 17 87
0 2 67
13 17 51
21 1 10
16 17 31
23 3 45
14 17 51
20 22 84
17 21 74
9 12 94
3 7 31
1 3 11
6 10 87
1 4 39
18 21 53
10 15 44
12 15 23
22 2 48
15 19 50
3 6 48
11 15 29
0 3 22
3 7 12
16 19 89
9 12 42
17 20 31
17 19 74
4 8 94
3 5 50
1 3 17
6 9 59
22 0 18
18 20 96
2 7 80
5 7 56
6 10 60
20 23 80
4 8 29
3 5 95
2 6 11
4 7 79
10 14 16
18 21 14
16 19 19
15 18 35
2 4 4
4 6 47
19 19 86
10 13 21
16 19 45
1 3 91
22 1 83
7 10 2
0 1 47
10 14 76
21 1 43
12 15 19
20 22 100
1 4 74
3 7 97
9 12 15
7 10 47
21 0 17
16 18 75
23 2 5
3 5 64
20 22 23
15 19 32
2 6 73
22 1 86
23 2 2
12 14 93
11 13 24
2 6 88
19 22 89
14 15 55
6 8 27
4 6 22
18 20 92
0 2 90
18 20 14
21 0 88
19 21 26
3 5 89
22 1 50
8 12 48
14 16 96
17 20 19
23 2 38
7 10 61
3 6 77
14 18 97
3 4 65
12 14 53
16 19 50
3 5 72
19 21 50
2 4 18
19 0 43
8 10 50
2 5 5
12 16 20
21 22 52
21 23 80
3 7 10
13 15 39
21 0 44
14 17 98
19 22 81
11 14 84
3 6 16
20 23 5
12 16 95
22 23 84
3 8 33
11 16 21
18 21 63
17 20 75
23 2 12
10 14 85
1 5 43
5 8 67
14 19 4
6 12 21
2 4 78
10 12 35
3 8 57
15 17 85
19 21 4
13 16 13
18 20 50
19 21 3
3 7 68
4 6 75
5 9 67
15 19 22
16 18 28
10 13 80
0 3 83
9 11 59
22 2 16
6 9 64
0 4 71
13 16 77
4 7 42
22 2 3
8 10 83
20 0 3
11 15 72
21 23 49
23 4 78
0 2 71
6 9 55
17 19 10
23 2 66
17 19 60
18 21 62
1 4 79
15 20 23
18 20 68
5 7 2
13 16 2
4 8 53
9 11 33
5 7 49
23 3 62
3 5 70
0 3 99
16 17 100
3 4 4
18 22 61
19 21 64
1 6 69
11 14 30
23 1 60
18 20 58
23 3 42
6 8 86
13 17 52
8 11 90
9 12 85
3 5 61
10 14 7
19 21 91
11 14 11
0 3 69
0 3 34
2 5 59
2 4 2
8 12 76
8 10 7
18 21 90
11 16 10
20 23 66
3 6 25
22 0 34
5 8 17
6 9 42
1 5 35
15 20 87
0 4 49
3 5 12
18 22 100
17 19 28
20 0 2
20 22 1
19 22 74
15 16 19
2 7 69
6 8 4
0 3 30
11 12 25
14 17 99
16 20 60
10 12 95
13 17 12
9 11 7
23 2 78
23 2 97
23 2 28
12 14 42
1 5 91
0 3 68
16 19 56
17 18 20
23 1 52
23 2 19
14 18 14
4 7 20
20 0 85
15 17 6
14 15 50
12 15 34
4 9 8
12 16 48
22 1 6
19 23 27
20 23 89
20 0 18
1 4 43
18 23 10
16 20 98
8 11 52
21 23 94
22 0 46
18 21 78
12 15 97
18 22 9
21 1 41
19 22 21
9 12 59
9 12 2
6 10 98
0 1 48
18 20 48
3 6 89
5 8 52
2 5 37
3 7 35
0 3 35
18 20 24
11 14 30
3 7 63
10 14 56
10 12 76
4 5 50
4 7 61
10 12 47
19 23 85
5 9 70
1 6 54
16 19 35
0 2 12
6 9 63
20 23 86
15 19 3
15 19 67
9 12 28
10 12 77
5 8 78
11 15 23
17 18 85
19 21 82
6 10 30
7 10 31
4 8 36
14 18 23
10 12 12
10 12 5
21 22 69
13 17 70
5 8 32
6 9 21
4 8 38
10 15 62
20 22 36
16 19 93
23 2 36
8 11 40
6 10 23
20 0 93
2 4 73
11 13 59
13 16 45
19 23 94
15 18 47
16 19 77
19 22 7
13 15 22
7 12 93
2 4 54
21 1 33
6 8 21
5 8 50
2 5 14
6 7 68
22 0 17
7 10 22
8 10 1
17 21 67
7 11 15
20 22 97
17 20 24
5 8 100
23 1 45
11 14 89
14 19 50
18 22 11
8 11 38
19 23 73
11 14 91
16 20 96
21 0 42
5 9 47
9 10 39
3 7 56
20 23 85
5 8 22
18 23 65
3 5 89
10 13 98
15 18 53
19 20 89
13 17 23
5 6 44
21 1 23
5 9 51
1 3 29
15 18 30
18 21 72
14 16 53
20 23 80
15 20 87
17 19 62
8 12 12
7 10 12
8 9 62
13 17 87
17 19 39
1 3 94
10 13 71
12 16 13
11 15 21
14 17 38
23 2 8
6 10 1
12 14 25
0 3 95
20 22 4
11 13 86
21 23 21
22 1 58
15 18 28
6 9 46
12 14 3
2 4 46
22 1 30
22 2 61
18 22 62
13 16 78
2 4 33
15 18 26
23 2 97
11 13 37
6 8 99
8 11 67
5 6 56
9 12 30
22 0 53
21 23 64
18 21 89
8 12 17
14 16 86
12 14 96
16 19 85
8 11 30
9 11 95
4 9 71
23 3 86
14 18 4
2 4 35
3 6 25
0 2 37
22 22 16
11 13 10
19 20 62
4 6 33
8 11 83
9 12 33
17 20 70
12 15 46
10 13 1
23 2 75
23 4 34
14 18 75
3 5 83
6 10 81
12 14 92
20 0 4
12 16 35
10 13 70
8 11 20
19 22 70
0 3 74
11 13 63
23 1 23
1 3 51
23 3 69
1 6 93
10 12 67
6 8 78
18 19 66
0 3 34
20 22 38
1 4 85
8 11 7
10 14 13
1 5 74
12 17 52
20 22 81
0 4 84
11 15 68
22 0 63
18 20 54
19 23 48
12 15 13
21 23 33
14 16 90
3 5 41
14 16 22
1 4 43
8 11 55
13 16 42
12 16 52
4 9 84
13 14 24
12 14 82
20 23 72
13 17 57
19 22 61
23 1 10
11 14 14
23 0 72
14 17 11
15 18 55
21 0 2
12 15 21
11 13 2
10 10 39
7 11 87
20 0 71
5 8 89
18 22 1
23 2 42
16 19 37
6 9 41
17 20 70
20 22 83
19 21 33
20 0 9
17 20 33
14 18 41
22 1 43
20 21 50
15 19 51
19 23 31
1 5 46
2 5 100
20 1 83
20 23 3
19 22 6
6 9 76
0 2 68
5 6 65
0 2 81
12 16 76
4 8 87
18 22 60
7 9 87
1 3 83
23 3 40
2 5 15
21 23 47
20 23 80
0 4 64
15 16 25
21 1 80
9 12 89
2 5 34
16 19 54
8 13 59
9 10 53
8 11 25
15 18 59
5 9 40
12 14 99
15 19 52
8 12 72
8 12 47
9 12 93
3 5 21
10 14 67
10 13 13
3 7 79
5 7 57
11 15 83
22 1 52
11 15 98
2 5 77
1 4 78
11 14 91
10 14 64
11 14 5
23 1 50
19 22 50
6 8 93
16 21 52
23 1 45
15 19 92
10 13 7
0 6 44
16 17 17
0 4 67
0 4 71
21 1 21
4 7 47
2 5 39
0 3 55
7 10 75
20 0 14
0 4 29
18 20 17
1 4 95
15 15 79
1 3 31
7 10 99
6 9 15
3 7 61
13 15 45
11 14 49
8 12 42
14 17 2
2 7 4
3 5 51
3 8 92
11 13 1
12 14 12
14 18 98
12 14 43
11 16 40
0 4 54
17 21 17
6 8 15
6 8 4
10 12 15
19 23 50
3 7 44
16 20 5
9 12 88
21 1 5
8 11 24
7 11 95
5 8 78
20 23 1
9 12 48
10 15 51
5 10 86
0 2 66
22 0 73
11 14 49
22 23 65
15 19 28
15 18 12
7 10 5
18 22 22
6 9 33
15 18 2
17 21 15
23 3 90
19 21 69
18 21 17
4 7 5
17 20 76
1 3 6
4 8 35
14 17 67
22 0 93
7 11 66
20 1 59
11 16 100
15 18 47
5 8 53
21 1 98
16 18 27
23 3 74
13 17 85
3 4 86
20 0 60
0 4 88
21 0 86
18 21 39
18 22 53
15 18 94
7 8 6
1 4 55
10 13 33
13 16 38
18 21 24
12 15 62
15 19 12
4 9 34
23 2 57
8 13 71
3 5 89
16 19 8
13 16 31
2 4 43
3 7 43
10 13 18
19 21 97
21 0 31
9 12 51
3 5 39
23 3 78
22 0 33
18 22 29
7 8 98
4 5 95
18 23 78
1 4 64
3 6 30
7 9 87
22 1 95
4 6 55
23 1 49
12 14 69
3 6 8
19 21 54
21 23 72
2 4 50
15 18 32
13 17 90
15 20 87
3 7 20
8 10 27
15 17 73
2 5 16
8 12 49
11 15 76
12 16 21
16 18 98
6 8 44
14 17 33
13 16 12
19 21 83
14 15 68
23 3 36
23 3 74
18 21 6
2 4 72
3 4 86
14 17 62
10 14 83
6 9 23
6 9 6
19 21 44
1 3 75
8 11 6
6 10 56
10 14 1
13 15 52
5 8 100
16 20 97
12 14 57
17 20 34
1 4 33
9 13 58
22 1 88
22 2 24
23 1 100
0 2 33
23 2 60
23 1 1
0 2 15
18 21 23
10 12 66
7 11 31
18 22 93
8 12 27
21 0 88
15 18 29
22 2 54
20 22 44
5 8 30
17 20 28
9 13 7
10 14 1
0 3 87
0 2 12
11 14 97
18 21 31
5 9 33
2 5 4
5 8 11
6 9 55
17 21 75
12 14 39
13 16 81
4 7 28
22 1 47
18 22 41
22 1 42
23 3 41
23 3 89
13 16 10
14 17 46
10 12 85
5 9 19
17 19 71
15 18 38
13 17 59
11 15 70
0 4 71
17 21 15
23 1 92
6 8 78
11 13 10
0 3 16
10 13 82
7 9 2
16 20 35
21 23 6
0 5 15
16 19 68
19 22 68
3 7 54
13 17 71
9 12 10
5 9 47
10 13 41
7 8 50
15 18 71
9 12 83
1 3 43
19 22 53
13 16 94
18 21 9
19 21 89
10 12 93
10 13 73
11 13 74
19 22 93
16 20 100
22 2 17
12 15 76
9 12 14
21 2 99
4 6 99
9 11 73
1 4 77
14 16 29
9 11 46
23 1 49
17 20 19
23 3 80
4 8 98
10 14 1
2 5 12
22 0 15
12 16 73
0 4 90
19 22 29
8 12 35
21 21 62
1 4 67
14 18 71
12 15 69
15 16 7
2 6 95
1 5 43
16 19 62
16 19 29
0 3 33
6 11 82
2 4 96
16 20 15
3 6 20
2 6 20
12 16 48
15 18 59
7 10 59
13 15 16
23 3 19
2 6 29
4 8 18
14 16 79
17 20 81
11 13 29
6 10 95
3 5 4
22 1 45
7 11 7
8 11 81
15 18 65
14 17 92
7 11 48
19 22 3
9 10 25
3 6 24
21 0 60
16 19 46
10 11 29
4 7 79
8 13 42
6 9 98
0 4 56
7 8 90
17 20 16
7 10 34
4 7 66
3 6 43
8 13 50
18 21 89
15 18 22
22 1 44
5 8 28
4 5 12
10 11 40
4 6 57
13 17 44
17 21 73
17 18 14
21 23 41
6 9 54
10 14 45
19 23 12
11 16 61
17 19 48
13 15 55
2 5 85
11 13 62
10 15 74
18 23 26
8 11 33
18 20 66
1 5 69
2 5 2
21 1 50
17 19 90
13 15 90
2 6 95
12 15 47
22 0 26
18 20 34
14 17 23
14 17 23
4 8 87
11 15 52
14 18 39
14 16 48
19 22 11
12 14 62
9 12 11
10 13 14
10 13 95
8 11 91
4 6 47
4 7 71
18 23 44
9 12 3
13 16 80
17 20 86
20 22 34
23 2 100
22 1 13
7 8 95
8 12 1
3 6 20
0 5 3
10 11 55
16 20 11
12 16 83
7 10 15
5 8 92
18 20 73
19 22 42
5 6 27
5 8 58
13 15 51
7 10 63
22 0 37
11 13 75
6 9 44
12 14 56
16 18 95
16 18 56
12 14 74
0 2 92
11 15 48
4 8 64
14 16 46
0 4 24
7 9 33
3 6 90
0 1 76
3 6 10
21 1 57
21 1 95
23 1 13
4 9 57
15 19 65
12 14 1
23 1 8
19 21 70
9 13 46
9 14 60
15 18 58
4 7 70
19 23 8
7 9 26
20 23 57
18 22 27
12 16 87
20 0 91
10 12 2
13 15 8
5 5 42
8 12 59
14 19 30
21 0 50
11 15 70
16 18 26
4 7 51
4 7 29
16 19 94
20 23 60
11 14 33
14 18 85
8 11 51
4 5 68
14 16 53
14 16 95
18 21 64
8 11 75
11 13 100
13 16 7
10 12 25
22 0 64
8 11 43
18 21 79
20 0 98
4 9 70
14 19 63
20 23 62
21 23 28
20 23 17
22 2 50
18 20 70
9 12 31
20 23 33
9 13 13
11 14 62
17 19 18
7 10 6
12 15 16
16 19 12
15 18 21
0 4 11
3 5 11
3 8 55
6 9 98
5 7 3
18 23 93
23 4 80
13 17 63
4 8 96
9 13 49
12 15 87
5 7 46
0 5 7
21 22 54
2 6 84
1 4 37
20 23 3
8 10 3
18 22 45
5 7 74
12 15 47
4 8 88
10 13 28
13 15 75
17 20 42
11 14 38
17 20 96
13 18 26
18 21 5
13 16 27
17 18 87
23 2 18
4 8 93
20 0 60
8 13 74
1 3 18
21 1 13
18 20 62
1 3 82
9 11 39
23 23 54
20 23 79
7 10 56
21 22 42
11 16 51
10 12 54
22 0 4
13 16 3
0 3 18
12 15 29
22 1 80
19 0 28
6 11 76
20 23 100
9 11 70
3 5 96
6 9 46
12 16 98
9 12 9
23 2 89
2 5 72
13 17 91
3 5 93
18 20 27
20 23 24
13 16 57
1 7 23
16 19 43
1 4 70
8 10 85
16 20 33
21 23 71
7 9 86
8 13 99
12 16 75
23 2 29
12 17 44
6 8 63
9 12 55
10 12 46
9 13 12
20 22 90
7 9 32
4 7 43
9 13 37
1 4 4
22 2 43
6 9 58
19 21 8
7 12 84
21 0 67
2 6 34
22 1 88
4 7 19
22 1 100
11 15 44
17 21 2
1 5 51
21 1 40
14 17 12
20 21 50
9 12 44
22 1 77
9 11 66
22 3 25
13 14 69
3 6 67
5 8 93
7 9 60
21 0 80
13 17 45
18 22 76
1 4 97
2 6 43
16 19 46
6 10 53
9 12 44
23 2 71
0 3 77
11 13 19
8 12 91
13 16 62
19 22 80
7 10 84
8 12 86
8 12 59
13 15 22
23 0 52
18 21 70
1 5 31
7 11 19
4 7 92
11 14 44
4 6 46
4 6 10
15 17 60
0 4 68
13 17 44
8 11 85
10 14 66
20 0 79
6 10 45
20 23 97
4 7 63
23 3 95
2 6 79
0 3 77
7 11 99
21 0 87
13 18 100
11 15 62
12 15 74
10 15 69
3 6 60
12 13 45
0 4 97
5 8 94
1 5 90
18 22 90
7 11 34
11 14 79
5 8 32
9 13 88
9 12 18
15 17 19
3 6 43
15 17 59
21 1 14
10 14 42
9 10 78
13 16 82
14 17 86
9 12 17
11 15 36
16 21 94
15 18 1
22 3 11
6 8 64
11 14 70
8 11 38
17 19 3
1 3 36
6 10 91
14 15 92
10 14 10
0 2 52
18 20 45
1 2 84
3 6 73
15 19 8
21 2 100
21 2 82
0 4 86
2 4 35
9 13 33
22 1 17
8 11 3
21 2 84
16 20 85
20 22 16
12 16 67
1 4 10
15 19 52
21 0 81
21 1 77
6 9 58
12 15 45
18 20 49
5 9 92
22 1 19
12 15 10
13 17 78
17 20 67
10 14 11
11 14 94
13 15 75
21 0 93
21 22 11
18 21 28
4 7 54
9 13 89
15 18 62
5 8 25
17 20 42
20 0 97
8 12 50
20 0 84
15 19 26
18 21 86
2 5 47
8 11 82
22 1 58
3 6 32
12 15 85
3 5 67
17 23 69
12 15 17
13 14 33
2 6 28
13 14 19
6 9 48
2 7 62
2 4 41
4 6 39
17 19 32
12 14 45
15 18 92
0 3 72
4 6 90
20 0 90
22 2 4
23 1 83
14 17 5
12 17 82
6 9 100
18 23 53
17 18 23
3 5 65
22 0 2
8 12 69
11 15 51
10 14 3
4 9 27
5 6 76
0 2 77
19 22 22
20 22 15
9 12 1
23 2 83
4 7 89
13 18 13
21 1 96
3 7 58
23 2 47
1 2 47
18 19 55
21 0 18
18 20 87
21 1 31
0 3 86
4 6 59
4 5 65
2 5 59
3 5 19
11 14 8
11 14 21
18 22 54
11 15 28
5 7 59
9 9 69
12 15 64
7 10 2
17 19 11
17 19 25
8 11 4
2 3 66
11 13 48
6 10 21
5 8 29
3 6 63
7 9 12
2 3 10
1 2 62
19 23 60
1 3 100
6 9 75
21 23 46
14 18 100
22 1 55
18 21 13
20 21 53
8 10 98
6 9 54
19 22 93
3 5 51
0 3 57
14 17 7
1 3 91
2 5 25
17 18 99
22 1 10
23 2 90
1 5 96
7 10 12
4 7 9
19 21 82
6 10 58
3 6 24
1 4 29
20 23 56
10 13 88
21 0 93
21 1 88
15 19 6
6 8 50
22 0 7
13 16 95
14 17 21
5 7 4
17 21 35
5 10 25
21 23 13
10 13 62
16 21 60
5 6 13
20 23 7
4 5 65
14 18 27
7 10 96
8 12 86
5 7 50
3 8 32
22 3 47
1 5 81
15 18 70
11 14 29
10 11 59
3 5 60
16 18 78
13 16 80
17 21 52
3 7 46
5 10 15
14 15 6
19 23 98
11 15 98
7 9 1
19 21 77
23 2 30
6 8 40
0 2 49
12 15 77
0 2 46
5 9 12
13 16 20
9 12 22
21 0 95
5 7 9
5 7 100
18 21 78
3 7 27
15 18 23
3 7 81
17 18 75
3 6 80
14 17 99
18 22 52
16 18 97
23 1 36
23 3 42
8 12 8
11 14 42
10 14 73
7 10 57
18 23 37
1 5 7
16 18 3
11 15 59
1 3 41
1 4 4
15 18 16
18 22 2
22 1 63
6 10 51
15 19 54
16 19 94
13 17 74
19 22 55
8 9 37
8 11 11
7 11 49
20 23 54
20 22 24
14 16 15
23 3 54
3 8 77
17 20 46
19 22 38
11 14 39
0 3 4
12 14 11
5 9 75
22 1 98
20 22 92
15 17 81
18 21 22
9 12 10
9 13 45
8 10 84
16 17 29
19 23 76
18 21 16
12 17 53
22 0 2
11 15 32
10 14 31
18 19 14
19 22 38
23 2 15
19 22 54
19 21 40
17 19 85
16 19 47
9 11 10
23 1 30
2 6 18
20 22 15
9 12 36
7 9 21
9 12 21
8 12 71
14 16 81
19 21 53
0 3 57
8 11 53
13 15 22
14 17 30
19 23 16
9 13 78
0 1 11
11 14 76
19 23 21
6 10 82
9 12 72
3 4 46
23 2 77
9 13 98
17 20 38
7 10 92
5 7 43
1 5 7
8 11 48
0 3 73
7 10 52
23 2 100
23 0 33
12 16 61
20 21 100
10 15 93
9 12 31
4 5 23
16 19 76
1 4 100
0 6 32
2 7 90
7 9 3
22 2 41
10 13 35
4 8 51
20 23 87
16 19 87
20 22 23
21 1 29
12 14 63
5 7 89
8 10 8
3 5 81
15 17 13
18 20 26
21 0 71
19 0 50
17 20 86
8 11 17
6 9 1
17 21 46
10 12 28
11 13 15
12 15 16
13 16 22
16 19 43
1 3 2
23 2 69
15 18 74
17 21 78
18 21 51
8 13 5
18 21 25
22 2 89
13 17 92
3 7 35
23 1 84
6 9 19
18 21 22
19 23 40
8 12 51
14 17 63
20 23 49
6 8 14
15 16 1
20 22 13
22 1 50
8 11 87
15 20 44
12 13 70
2 6 16
17 21 32
4 7 17
23 3 56
3 6 24
1 5 66
7 10 15
19 23 51
7 11 13
15 18 68
2 5 31
11 14 4
4 6 80
4 6 35
21 1 60
14 16 21
16 20 44
21 22 99
5 9 1
11 15 46
11 15 51
5 7 53
20 23 69
1 3 1
1 5 24
20 0 91
17 21 44
11 15 81
9 14 58
22 0 6
19 22 40
4 7 14
17 21 47
17 19 86
20 23 96
13 15 8
10 12 98
11 13 73
0 3 22
20 23 51
19 23 82
16 19 81
22 1 25
5 6 25
16 19 85
9 11 79
10 16 84
13 17 80
10 10 27
0 5 26
14 17 7
10 14 24
0 3 30
5 7 17
11 13 5
0 2 82
8 10 42
22 1 10
0 3 16
12 17 5
0 3 60
16 19 15
21 0 40
0 2 67
13 16 65
14 16 43
9 12 70
10 12 34
0 3 66
1 4 13
2 7 81
5 9 28
20 0 77
1 4 2
6 9 27
1 3 73
1 3 14
7 10 96
14 18 34
3 6 20
19 22 9
18 21 53
11 13 31
16 17 29
3 8 64
11 14 22
3 6 56
2 4 66
0 2 67
4 7 3
2 5 95
7 9 82
21 0 53
0 4 1
11 13 64
8 11 66
1 5 33
12 16 15
8 11 45
12 14 1
3 5 19
22 2 15
10 12 78
14 16 74
17 20 28
3 8 88
20 23 69
3 5 15
14 19 42
16 18 45
3 5 12
2 4 61
19 21 33
17 21 48
22 1 21
9 11 96
5 9 18
17 21 30
16 20 48
6 8 22
20 22 57
13 17 54
11 14 59
19 0 53
16 18 62
21 23 44
12 16 38
8 11 52
6 9 68
14 17 64
15 18 18
7 8 27
9 13 27
23 1 68
14 18 83
4 7 4
4 8 2
9 12 32
6 11 87
15 16 62
5 8 87
8 10 72
17 20 68
14 18 26
23 2 16
8 13 43
9 13 15
13 15 27
3 6 4
3 6 93
5 7 20
19 21 18
20 22 22
14 17 57
22 1 77
23 2 12
17 19 21
20 22 15
2 5 13
6 10 49
5 7 71
6 8 51
11 13 69
22 2 100
10 14 20
14 18 44
22 1 54
5 8 91
10 14 62
14 17 4
11 13 26
9 11 54
0 3 58
7 10 18
22 2 35
0 2 6
13 15 54
0 1 92
23 0 73
1 3 44
6 9 100
20 21 10
0 3 77
5 9 48
16 16 44
15 19 33
22 2 70
4 7 60
16 17 76
6 9 21
4 6 9
16 18 60
3 6 59
12 16 96
14 16 36
1 4 81
23 1 17
2 5 74
14 17 23
15 20 10
13 15 19
1 6 93
19 22 50
14 17 41
6 9 4
6 8 65
7 9 18
4 5 5
19 23 13
11 14 84
19 0 34
0 2 86
18 23 28
12 16 46
13 17 55
19 22 34
19 23 37
21 1 14
11 14 30
17 19 42
21 22 99
10 14 56
17 20 90
3 6 10
11 13 48
3 7 20
13 17 33
5 7 56
1 5 83
23 1 76
23 5 2
9 11 65
23 2 50
12 15 4
9 11 43
1 6 72
5 9 78
22 2 34
18 20 46
14 18 17
6 8 16
13 16 62
5 7 59
22 0 42
2 6 50
1 3 38
3 5 54
5 9 97
21 0 99
10 14 77
8 11 6
10 13 32
13 17 37
6 8 71
14 19 4
10 12 7
18 21 10
18 20 45
8 10 2
2 2 66
4 8 58
10 11 23
23 1 41
2 7 36
2 6 55
13 16 27
12 15 34
16 19 57
10 13 64
1 3 70
0 2 79
23 2 82
15 18 47
10 15 68
7 10 37
18 19 14
16 19 33
19 21 11
3 7 44
19 22 62
2 4 49
9 13 24
2 5 81
6 8 16
7 10 17
0 4 11
12 16 55
7 10 86
15 18 92
9 12 86
14 17 83
12 15 39
6 8 37
22 2 98
8 9 66
9 12 72
7 9 28
15 17 100
4 8 2
13 17 73
20 0 94
19 22 29
3 6 96
20 22 42
19 23 81
12 18 65
12 16 68
15 18 69
22 0 32
15 18 63
19 23 8
9 12 36
20 23 73
17 21 17
9 11 92
8 11 10
8 10 86
16 18 44
14 19 10
7 12 14
17 19 55
10 13 32
12 15 95
3 6 100
21 1 41
16 20 100
0 4 63
9 9 3
16 20 49
21 0 3
23 1 96
23 2 42
0 3 63
22 1 88
10 14 34
18 22 28
15 19 94
7 9 27
7 9 64
20 23 64
7 11 61
15 18 38
0 4 84
1 5 26
17 20 58
6 9 73
14 18 41
15 19 67
13 15 44
4 7 16
14 17 12
1 3 21
16 19 74
20 23 92
4 6 2
5 8 18
10 16 20
21 0 38
17 20 31
4 6 93
18 21 71
23 0 70
19 20 45
20 0 15
18 20 99
15 17 93
14 17 36
2 5 81
1 3 39
13 16 49
14 17 28
5 7 97
1 4 7
3 7 89
2 5 3
20 23 66
21 1 50
20 0 25
14 18 5
10 14 77
11 15 59
13 15 87
23 3 6
20 23 27
16 17 69
14 18 59
3 6 77
4 7 31
2 4 50
0 1 57
17 19 55
10 15 1
6 8 41
11 11 99
5 8 22
18 22 31
11 14 64
17 18 28
11 14 28
22 3 62
15 17 83
15 16 72
20 23 55
22 0 72
19 21 51
4 6 68
15 19 64
18 20 63
8 10 17
18 21 11
1 4 79
23 2 55
4 6 77
0 3 51
23 3 18
1 5 25
5 9 57
12 14 68
5 8 1
11 16 7
0 4 8
2 5 12
23 3 77
12 18 50
8 11 88
5 8 79
1 3 27
18 21 99
14 17 5
19 21 13
8 10 11
1 3 14
1 5 86
23 3 74
2 4 84
8 11 92
3 7 51
13 17 49
7 9 74
17 20 82
13 16 90
11 13 100
7 10 80
7 9 59
2 7 38
9 12 45
4 8 66
21 0 67
18 23 53
12 15 4
20 0 64
9 11 49
15 16 60
5 9 9
8 9 85
4 6 45
5 6 60
13 15 23
5 8 37
10 12 14
19 22 88
3 7 31
19 0 72
2 4 4
5 7 76
5 7 77
22 2 48
9 13 92
21 1 94
23 2 100
0 4 54
5 10 9
6 10 9
9 13 8
10 14 2
8 11 59
22 2 97
17 20 70
5 9 47
23 2 85
7 10 87
4 8 75
1 4 78
21 0 73
18 23 36
13 16 79
22 2 53
20 23 88
4 6 36
17 20 5
9 12 79
6 9 28
4 6 70
21 0 94
22 1 11
8 10 13
15 17 40
11 13 12
6 9 51
17 19 20
10 13 36
21 0 93
17 21 22
0 3 76
12 14 26
22 23 36
18 21 18
1 3 56
3 6 73
15 17 86
0 2 33
10 13 64
6 10 99
17 18 8
12 15 86
22 1 82
9 12 80
20 22 4
19 22 98
1 4 34
15 18 7
11 15 54
1 5 12
22 1 24
10 14 91
17 19 78
13 16 53
18 21 75
11 14 63
4 7 63
14 17 30
5 9 73
2 4 28
0 3 78
22 0 48
22 1 57
12 15 3
20 23 85
3 7 72
20 0 75
21 0 37
13 15 2
0 3 17
17 21 44
14 16 48
21 1 66
15 19 30
8 12 96
7 11 89
15 20 93
5 7 78
17 20 20
21 1 1
13 18 23
21 1 62
8 9 42
9 11 43
15 19 49
14 18 6
19 23 92
10 12 23
6 10 21
17 19 50
22 0 15
3 8 14
17 20 74
7 10 72
5 8 79
8 12 97
1 5 36
12 15 67
15 19 55
23 2 4
5 7 67
18 19 77
16 18 56
11 14 100
20 0 87
7 11 67
22 2 96
0 3 17
6 9 70
16 18 10
9 12 77
1 4 49
4 8 43
2 7 79
18 20 74
21 0 35
19 23 44
20 0 67
7 10 15
22 1 22
19 21 96
1 5 19
11 13 50
8 9 30
17 22 31
11 12 8
9 14 58
21 2 84
21 0 17
17 19 9
13 15 98
12 16 75
7 11 95
23 2 75
10 12 85
6 10 53
8 11 10
18 20 85
17 20 67
12 16 94
14 18 29
12 14 26
13 16 88
0 3 23
9 13 35
16 19 52
1 6 94
8 11 23
1 3 73
15 18 64
15 17 9
13 15 53
23 4 70
6 8 9
8 12 26
18 19 32
15 18 42
22 0 52
2 6 52
14 18 31
20 0 66
4 7 74
5 6 6
5 8 72
22 1 71
3 5 35
4 5 85
7 11 13
22 1 41
5 9 86
1 3 74
0 3 37
15 18 64
17 20 62
15 21 64
20 23 69
2 5 91
0 4 6
0 3 18
10 14 35
0 3 19
4 8 98
12 16 10
6 9 7
21 0 18
0 3 6
1 4 59
18 22 72
20 23 76
15 17 89
10 11 48
0 5 32
21 0 19
22 2 5
17 20 19
14 17 22
20 23 84
21 0 69
21 1 82
19 22 26
18 21 93
15 20 8
18 21 27
7 8 46
21 0 65
0 4 55
18 22 46
11 12 1
13 16 48
15 18 36
8 10 82
7 9 7
16 20 27
2 7 39
15 17 73
5 7 63
14 16 22
0 2 28
14 16 3
17 20 28
6 9 60
17 20 48
8 11 23
14 15 83
20 22 85
20 23 33
14 14 48
12 15 72
5 7 96
12 15 74
15 19 75
6 10 72
1 4 86
12 16 9
7 9 36
2 7 16
4 7 75
6 9 97
18 23 16
7 12 6
12 14 1
6 8 56
21 23 47
9 11 33
14 17 45
16 20 97
3 6 64
7 10 98
21 0 42
22 1 92
18 21 90
13 16 54
4 7 4
6 9 14
3 6 7
9 11 75
20 22 80
5 8 22
11 15 54
0 4 48
0 4 7
12 15 61
19 22 28
21 1 26
17 22 70
19 22 23
15 19 68
18 21 71
11 13 27
21 2 83
16 17 11
4 7 81
3 6 96
19 22 14
13 17 32
4 7 62
17 19 34
12 14 17
17 20 27
21 1 16
17 21 56
12 16 16
11 13 61
18 22 34
3 6 93
1 4 10
19 23 79
17 23 19
10 13 93
12 17 43
12 14 15
13 17 21
10 12 92
9 10 91
22 0 81
20 0 58
12 13 42
10 12 84
16 19 24
11 14 4
4 7 74
10 13 61
0 3 21
8 11 60
20 23 68
12 14 44
4 6 94
16 19 77
10 14 91
8 10 63
15 18 64
11 14 17
23 4 82
16 18 28
3 7 97
23 1 57
9 11 36
15 17 64
11 16 1
17 20 33
5 7 45
22 2 19
10 15 14
1 4 77
2 6 97
21 23 37
19 22 74
6 9 73
23 1 99
23 1 65
3 8 92
16 19 100
21 1 66
23 2 59
9 12 43
1 2 93
0 4 93
4 5 96
17 18 42
4 8 74
10 14 83
21 23 68
16 19 86
4 7 89
6 10 1
19 21 72
5 8 64
5 9 7
19 0 4
3 5 48
7 10 80
16 20 67
9 13 59
14 16 83
9 12 8
12 16 13
8 13 100
7 10 21
23 2 73
16 19 68
3 6 43
9 12 90
1 5 6
11 12 20
12 15 11
19 23 75
11 15 63
6 9 62
8 10 87
0 4 25
19 23 71
20 23 27
17 21 53
23 2 37
12 15 34
8 9 3
4 6 15
17 21 32
18 22 5
20 22 99
5 8 91
8 10 53
6 8 5
6 7 36
15 17 83
0 3 61
1 3 66
14 15 87
8 10 78
4 7 49
14 17 43
8 12 23
12 15 62
12 14 70
9 11 22
11 14 16
9 10 2
19 23 67
21 1 62
2 6 72
22 0 35
20 23 18
20 23 58
19 20 91
12 16 29
23 1 41
0 3 28
7 10 4
0 2 48
12 16 23
16 19 72
11 16 20
13 17 45
23 1 94
9 13 37
15 18 42
17 19 23
17 19 50
7 9 81
14 17 46
9 13 22
7 11 40
12 14 25
17 19 53
3 4 64
2 5 97
9 13 55
19 20 96
7 11 38
11 14 98
11 14 40
9 11 41
23 2 1
5 8 27
12 15 73
19 21 41
14 19 25
0 3 28
9 11 10
13 15 15
19 22 20
18 21 51
1 3 30
16 19 52
21 1 33
2 6 87
4 7 16
5 8 61
4 7 69
16 17 23
8 11 1
2 4 63
17 21 22
10 12 56
1 4 73
19 22 64
19 21 27
20 21 37
11 15 78
19 20 81
16 20 94
6 9 5
14 18 30
23 2 5
19 21 60
12 15 81
21 0 9
14 17 21
3 6 9
11 14 37
9 12 41
13 16 70
0 4 83
6 9 46
12 17 18
21 0 66
11 14 89
5 9 14
13 14 6
13 17 26
22 1 59
15 18 28
0 3 9
21 1 37
23 0 95
4 7 68
7 10 8
19 22 8
4 9 32
11 14 4
12 14 70
12 16 28
20 20 72
9 11 28
23 2 48
10 14 45
8 14 37
14 17 99
5 7 92
12 16 41
0 2 49
10 13 63
14 19 60
3 5 20
2 5 8
17 21 92
4 7 36
12 16 32
2 3 13
3 5 99
12 14 79
18 18 98
6 10 57
8 11 6
12 17 97
8 11 39
9 13 2
13 16 67
14 18 93
8 11 14
23 2 7
5 7 75
0 3 42
19 22 33
9 10 47
5 8 86
20 23 60
19 21 71
23 1 16
6 10 13
10 12 46
4 9 66
9 11 90
1 3 46
2 6 88
1 5 57
19 23 15
19 21 64
23 1 59
0 2 33
21 23 62
8 11 22
1 2 93
23 3 89
11 14 52
21 23 25
2 5 70
14 17 80
0 5 3
11 14 1
11 14 15
14 17 47
10 11 37
15 16 31
3 6 54
8 12 48
10 15 46
2 5 77
17 19 9
6 10 60
9 14 44
10 13 67
10 12 95
12 16 25
9 12 51
10 11 81
23 1 8
22 2 26
20 23 41
1 4 35
14 18 91
12 15 28
21 1 22
12 16 71
8 11 90
6 8 76
16 19 99
18 21 83
7 12 14
12 14 19
4 9 82
13 15 66
3 7 21
18 20 38
17 21 90
21 0 17
2 4 19
15 17 98
6 10 90
16 19 94
8 12 63
10 15 14
0 3 23
20 1 99
6 10 15
7 11 44
9 12 64
8 12 66
23 3 10
21 23 55
16 19 26
11 13 11
17 20 39
14 17 58
5 6 33
16 18 71
1 5 70
20 1 80
0 2 92
0 3 82
10 13 56
17 21 85
15 19 89
18 21 100
1 2 26
13 16 20
10 13 19
12 15 22
17 20 63
9 13 43
5 7 38
5 8 13
13 16 49
4 5 27
5 7 86
20 21 68
21 0 9
3 6 27
17 20 60
1 4 24
9 12 43
11 14 93
4 7 20
13 16 37
6 10 3
5 9 7
15 17 66
17 20 21
6 7 83
4 7 45
21 1 68
14 19 39
23 1 28
6 9 1
18 20 45
11 13 47
9 13 82
21 0 55
20 0 92
5 8 23
5 8 41
7 10 90
19 22 18
5 8 20
5 10 5
17 19 39
16 20 48
19 21 40
22 1 18
0 2 31
13 16 44
10 13 81
9 11 82
17 21 61
12 16 17
10 13 28
21 2 87
18 20 54
13 15 18
19 22 98
22 1 79
1 3 10
23 1 52
4 7 52
18 21 80
12 15 83
8 12 21
4 5 57
3 7 4
9 11 2
23 1 5
15 18 28
18 22 90
6 9 74
8 10 81
2 6 15
19 22 6
19 21 9
12 15 54
20 0 53
22 1 50
17 20 33
0 3 79
10 12 73
3 6 55
21 2 85
11 13 63
19 23 20
13 18 94
5 7 43
17 21 38
17 20 96
16 19 13
14 17 21
0 3 66
22 2 34
3 5 47
20 23 93
2 5 16
19 21 46
1 4 76
3 7 43
10 14 16
3 6 39
9 12 39
17 19 65
5 10 51
18 22 28
0 4 80
0 1 74
17 20 80
15 18 34
10 12 62
17 21 76
2 5 4
23 2 68
19 0 87
17 21 52
18 23 94
12 15 64
19 22 21
17 20 24
14 17 49
21 0 75
0 3 21
20 22 15
21 0 12
6 8 16
8 10 93
22 0 5
16 17 82
5 8 59
0 3 16
19 22 62
7 9 9
8 12 28
12 14 93
5 8 51
4 5 40
2 6 5
20 0 99
6 9 15
11 13 79
3 7 83
20 23 57
22 1 42
21 0 20
2 6 11
11 15 24
17 20 28
14 16 42
4 7 81
2 5 44
12 14 5
17 21 18
14 17 46
22 1 34
7 10 8
14 17 38
9 11 60
11 12 34
14 16 45
17 20 8
8 11 98
22 2 47
1 4 43
12 15 40
21 21 2
3 6 86
17 22 6
22 1 10
4 7 34
21 23 70
20 23 81
15 20 68
16 19 88
1 6 70
23 2 52
17 20 17
16 22 92
20 22 47
8 12 42
6 9 41
7 9 7
10 13 28
11 14 58
23 1 68
7 10 44
13 15 64
11 13 5
10 12 21
2 4 38
0 3 24
12 16 71
14 16 64
10 11 20
8 11 77
15 18 5
13 16 57
9 12 36
19 22 15
21 2 92
17 20 27
7 10 32
10 15 38
20 23 38
20 23 28
13 16 26
0 5 84
9 12 10
16 20 25
8 10 78
2 5 68
21 23 24
4 6 92
14 16 39
22 3 22
20 23 89
0 3 81
3 7 15
14 16 16
1 4 16
23 1 50
18 19 24
12 15 81
19 22 30
8 11 77
0 4 63
15 17 6
4 7 26
4 7 7
17 18 70
22 0 52
8 12 20
16 18 19
15 19 86
1 3 46
13 15 91
3 6 66
13 15 42
5 7 54
4 7 89
0 2 80
19 23 20
16 19 48
0 3 3
4 7 95
6 10 61
14 16 19
23 2 100
16 20 7
10 12 61
8 11 62
9 13 95
1 3 54
12 15 88
23 3 47
17 20 68
18 21 24
9 12 85
1 3 25
0 3 26
16 17 66
6 9 15
8 13 1
15 18 82
10 12 16
6 9 71
16 20 28
16 20 23
10 12 92
15 18 70
1 4 73
11 14 80
4 7 99
2 5 4
2 5 71
7 9 65
20 23 90
7 9 88
13 17 37
19 23 23
11 13 99
5 9 87
1 5 7
19 23 18
6 7 97
0 3 51
0 2 76
19 21 70
12 14 59
11 15 97
15 19 38
7 10 26
19 22 17
0 3 37
21 0 95
6 8 4
9 13 12
11 15 100
5 9 38
16 19 2
7 10 5
19 22 89
9 14 52
13 17 4
12 16 13
13 14 35
10 13 25
12 15 11
23 3 54
6 8 5
9 13 30
6 10 67
16 19 78
5 8 84
2 5 32
10 12 55
0 2 29
15 16 45
4 7 95
4 7 51
3 6 57
22 1 79
5 8 41
11 13 96
4 7 72
9 11 48
14 18 95
21 0 39
2 6 64
3 6 2
19 23 99
10 13 80
6 10 91
16 18 7
8 11 45
21 1 33
3 7 18
17 20 53
0 4 77
2 3 23
21 0 20
7 8 77
4 7 100
11 14 68
0 3 65
14 15 21
16 19 99
10 13 65
21 0 89
19 21 1
4 5 71
17 19 6
17 19 68
8 9 91
18 22 56
11 13 81
16 21 65
13 16 35
19 22 38
16 18 5
12 16 15
0 5 87
8 12 74
11 14 18
22 0 72
18 21 72
19 21 51
14 14 96
18 20 1
20 22 80
22 1 32
19 22 94
23 0 86
15 18 32
8 10 23
19 22 94
19 22 27
19 21 5
1 5 91
22 2 47
8 13 14
8 9 45
22 1 1
15 16 83
9 12 72
5 8 86
10 13 79
20 23 3
9 10 95
14 17 53
20 23 31
20 23 79
1 5 79
0 3 22
7 8 31
17 21 61
21 2 40
22 1 28
11 15 75
8 11 30
23 3 52
3 5 67
8 9 23
1 3 57
21 0 93
2 5 82
0 3 29
18 23 44
18 21 14
2 6 71
0 1 6
5 7 12
18 22 84
4 8 8
16 20 88
14 16 43
22 3 52
22 1 59
17 20 46
2 7 51
2 5 20
1 5 11
21 2 69
20 1 52
8 11 10
15 17 86
8 11 38
4 8 60
15 17 77
14 18 38
20 0 26
12 16 66
15 16 68
9 14 86
9 13 23
6 9 86
4 5 94
12 13 62
7 10 93
17 20 49
22 0 79
0 2 31
15 16 29
6 9 55
16 18 63
19 22 46
13 17 96
18 21 37
21 1 80
19 21 29
21 2 67
8 13 56
9 11 65
12 18 12
1 4 69
0 3 14
16 17 98
3 6 95
17 19 24
18 22 58
8 13 2
23 2 81
8 10 68
23 5 34
23 1 39
14 17 100
9 13 41
14 16 23
19 22 73
1 4 53
2 4 55
7 10 20
6 8 99
18 19 16
10 13 21
2 5 95
15 19 9
5 7 41
7 12 46
1 5 66
18 21 24
23 2 52
5 7 98
11 14 30
8 13 34
20 23 17
6 11 91
13 16 21
20 23 93
2 5 40
13 15 80
1 3 15
23 0 68
10 13 59
8 11 89
21 23 64
4 7 86
5 8 46
7 9 40
19 21 14
13 14 51
16 18 25
16 21 36
12 15 42
1 3 88
16 19 74
18 20 65
17 22 82
21 22 11
5 8 81
14 19 89
23 2 32
4 6 40
10 13 71
9 14 97
22 0 26
3 6 60
9 10 4
2 6 74
7 11 69
21 0 34
11 14 99
22 1 36
1 5 20
13 16 4
11 14 99
6 9 1
7 10 93
3 6 38
7 11 12
10 11 85
16 18 86
18 21 87
18 22 12
9 13 8
9 12 5
2 6 38
6 10 64
18 22 25
23 1 58
1 4 53
7 9 70
18 21 58
11 15 28
22 23 57
23 2 59
20 23 36
14 16 69
15 16 46
0 3 17
5 10 45
12 15 77
18 21 20
21 1 82
14 16 95
13 17 90
9 13 49
21 22 69
1 4 63
17 20 54
9 12 64
9 12 9
13 16 9
7 8 68
23 5 42
4 7 46
0 4 26
16 19 15
20 1 44
4 7 27
7 10 98
12 15 99
22 1 9
7 10 27
11 13 43
3 6 20
17 21 42
10 14 50
9 13 78
12 15 7
0 3 28
19 22 3
23 2 11
13 16 5
21 0 51
0 2 21
23 2 25
15 19 86
21 0 74
20 22 89
7 7 73
14 17 21
15 16 74
6 8 36
10 12 73
6 7 83
21 1 59
5 8 43
9 12 28
21 1 39
21 0 75
4 6 30
19 23 80
7 10 51
12 16 7
21 22 90
19 23 37
1 5 12
13 16 20
10 14 21
21 0 59
22 23 6
21 2 57
20 23 64
7 11 30
1 3 11
11 15 94
6 8 45
2 5 10
2 4 52
12 15 12
16 19 33
12 15 71
9 11 92
20 23 82
23 0 80
3 6 35
5 9 21
0 5 76
9 12 58
3 4 58
22 2 90
15 18 7
23 2 89
22 2 97
7 11 88
0 1 17
20 0 82
0 3 94
2 5 38
13 15 38
14 17 15
19 23 55
16 19 60
19 21 60
18 22 94
23 2 3
10 14 69
5 9 18
19 22 6
23 4 28
10 14 97
0 2 37
6 9 66
2 5 56
16 19 55
5 8 77
10 13 52
7 10 11
18 20 15
11 12 31
23 4 67
10 13 45
14 18 1
19 22 97
23 3 42
12 13 14
6 9 66
5 8 12
1 4 8
10 13 23
19 23 20
7 10 91
11 14 72
5 10 84
5 9 93
0 4 91
18 21 62
22 1 4
12 16 15
7 10 29
19 22 76
5 9 77
14 16 38
7 11 80
14 17 37
11 14 10
15 18 9
19 23 66
18 21 91
10 13 58
7 11 13
14 19 82
16 18 3
22 1 24
6 8 46
22 2 9
13 17 48
11 12 58
14 17 68
6 9 49
8 10 30
0 5 13
0 2 51
17 19 69
1 4 75
13 16 14
21 2 19
16 19 70
20 22 42
3 8 84
20 23 90
16 18 70
23 1 40
2 5 63
20 21 84
0 2 85
17 19 100
16 18 70
7 11 34
21 2 47
23 4 88
15 19 60
3 5 3
21 0 90
10 12 88
10 13 64
16 19 93
13 15 63
10 13 13
5 6 58
22 1 43
12 16 89
11 14 51
17 18 61
19 21 74
10 13 33
18 20 20
2 5 80
13 18 50
20 23 22
17 22 50
13 17 6
1 4 95
1 4 15
21 0 80
3 7 46
15 16 81
2 6 52
18 19 93
11 14 69
13 15 84
6 9 74
16 17 26
7 10 67
2 7 25
9 11 59
3 7 41
17 20 89
21 0 99
22 1 83
22 1 9
22 1 45
22 2 20
17 22 19
22 1 55
23 3 11
21 23 24
5 8 17
16 18 18
15 18 72
5 7 84
6 12 83
20 23 13
5 6 8
9 11 27
8 11 29
4 8 22
3 5 17
0 3 33
22 1 57
11 14 4
10 13 97
18 21 59
23 2 24
8 12 97
10 15 25
13 16 4
0 3 72
11 14 76
14 18 67
4 9 34
13 14 35
16 21 82
15 19 99
10 14 84
3 7 66
19 21 85
14 16 46
4 8 34
2 5 68
21 2 92
18 21 5
13 15 72
20 22 59
22 2 92
16 19 97
22 0 77
8 11 5
18 21 83
18 22 99
20 22 73
19 20 27
1 5 4
0 3 18
21 1 33
1 5 9
4 7 62
23 1 46
19 23 55
22 1 12
18 22 48
23 0 61
16 18 13
0 2 62
18 22 11
11 16 65
19 21 70
22 1 98
19 23 67
10 13 53
23 0 95
22 1 29
5 9 60
20 22 23
2 4 51
11 16 33
0 0 76
4 7 83
8 10 75
11 14 88
20 23 23
7 7 33
6 8 81
9 12 83
14 17 91
14 14 63
18 19 49
12 16 75
18 20 86
9 11 63
22 0 98
2 3 45
13 14 68
4 7 68
21 23 11
4 5 62
14 17 53
7 10 35
13 15 31
16 20 44
21 0 72
4 6 69
11 16 37
17 21 35
17 19 89
22 0 32
20 23 95
22 0 27
23 1 39
2 4 59
6 8 99
21 23 95
1 5 7
8 11 11
2 4 36
11 14 15
4 6 64
0 2 2
8 11 40
11 15 75
2 5 23
19 22 77
6 10 1
18 20 75
21 0 85
12 14 74
12 13 38
16 18 17
8 10 64
21 23 96
17 21 14
6 8 50
12 13 15
15 19 13
14 18 24
4 4 79
5 9 11
13 16 65
6 10 77
4 8 84
3 6 47
1 3 17
17 21 27
13 17 6
5 8 61
16 20 4
6 9 46
23 1 63
18 19 82
17 21 41
20 22 13
22 1 72
5 8 80
22 0 45
15 18 5
16 20 33
21 23 91
6 9 57
13 16 80
19 21 54
16 21 53
17 20 21
8 8 89
17 20 98
17 20 94
5 7 39
6 7 18
16 18 74
15 18 88
21 0 63
21 0 10
12 15 47
21 0 21
20 23 58
8 12 26
19 21 69
5 8 39
13 16 54
1 4 10
21 22 64
10 13 43
23 2 54
11 13 46
3 5 78
19 23 72
20 23 98
17 20 93
19 22 84
13 15 49
7 10 51
15 20 61
23 2 71
8 11 65
16 19 79
3 6 51
0 3 8
18 19 40
4 6 60
13 17 24
6 10 99
1 4 86
6 9 42
3 6 38
1 4 54
0 2 51
15 19 57
5 7 28
18 21 52
19 22 92
10 12 23
23 1 13
0 2 24
19 22 46
13 15 1
13 16 32
4 7 60
2 4 3
18 20 36
3 8 97
2 7 23
6 9 51
6 8 92
3 7 78
0 4 76
5 7 15
1 4 11
23 2 41
1 3 17
8 10 93
21 1 66
6 10 31
17 22 27
6 8 41
5 7 44
1 4 20
22 2 71
22 0 44
0 1 8
7 7 39
18 22 29
18 19 75
22 1 76
17 19 5
10 13 80
16 18 100
15 18 27
20 22 37
1 5 98
1 6 53
1 4 42
15 18 55
5 9 97
7 11 55
13 16 64
4 6 74
18 21 64
20 22 69
23 3 30
16 20 36
5 7 22
6 9 59
16 19 84
9 13 15
18 21 36
7 10 70
16 19 53
17 20 46
0 4 88
21 0 16
14 16 99
3 7 10
23 1 94
22 2 19
22 1 77
3 7 87
7 11 59
17 21 91
14 16 36
18 23 17
11 16 17
23 3 50
18 21 38
14 17 69
5 9 25
7 10 17
2 3 11
7 8 7
23 3 89
3 6 76
12 16 14
3 6 81
21 1 18
16 17 51
13 17 88
20 22 100
9 13 20
3 7 40
21 23 19
7 10 89
4 7 79
4 7 68
19 21 32
22 2 14
16 21 45
5 8 13
23 1 11
22 1 13
5 6 98
7 11 57
12 16 89
6 8 32
22 1 95
9 12 70
1 3 77
11 14 41
19 23 97
16 19 76
21 0 24
23 3 50
0 3 53
21 1 3
17 20 80
11 14 86
4 7 88
11 14 73
5 10 54
19 21 72
12 15 9
20 23 6
14 17 99
19 23 13
8 11 35
14 17 37
4 7 47
5 7 35
7 10 71
19 22 74
20 0 80
12 15 64
9 12 90
18 21 16
20 0 46
7 10 30
16 19 10
11 14 42
7 11 72
16 18 99
4 6 87
0 3 4
5 7 89
15 19 61
1 3 96
20 22 69
19 22 21
23 3 38
3 7 7
16 19 16
2 4 42
4 6 50
11 13 62
19 22 83
5 9 64
1 3 17
1 3 55
1 2 82
17 19 36
23 1 79
0 1 33
0 2 8
13 17 6
15 19 89
4 6 76
10 14 67
21 0 46
7 10 76
19 22 69
9 12 100
23 2 42
2 6 92
17 17 77
6 10 86
6 8 64
2 6 1
2 5 61
17 18 23
0 5 62
5 8 39
14 17 55
9 11 25
3 6 26
17 19 46
10 13 5
13 14 75
1 5 11
23 3 89
8 11 25
3 8 79
0 4 95
10 12 71
8 10 57
6 11 11
12 15 5
21 2 98
20 23 72
10 14 9
1 2 91
18 22 37
18 21 27
8 12 86
7 11 65
2 4 18
14 17 70
23 2 25
0 5 47
15 17 20
14 17 41
23 2 20
5 8 34
19 22 54
4 6 90
20 23 15
5 8 26
6 10 89
13 16 2
13 16 3
4 8 81
1 5 68
8 12 74
3 4 36
9 12 94
19 0 27
6 9 12
16 18 21
12 16 25
12 15 71
19 20 18
6 10 13
22 0 63
17 21 88
21 23 70
12 18 64
23 2 49
2 7 87
3 7 11
23 0 87
14 16 86
10 12 47
2 5 9
18 21 85
23 2 98
22 1 33
13 17 51
3 5 85
23 2 22
15 18 43
14 16 21
1 5 34
16 19 84
18 22 39
1 4 52
0 3 76
10 12 14
13 18 49
19 21 59
8 12 35
13 17 70
14 18 88
5 7 44
2 4 50
19 22 65
2 3 89
11 12 48
7 11 87
22 0 30
18 20 82
20 0 33
17 20 70
9 12 40
19 21 26
17 21 77
10 13 43
9 12 39
12 15 47
19 20 93
14 16 43
20 21 39
20 23 76
14 19 56
16 17 78
19 22 40
4 7 26
15 18 81
23 2 15
21 22 38
4 6 99
2 5 29
1 6 20
10 12 96
18 21 92
3 3 61
20 0 62
7 12 5
18 20 60
11 13 27
5 9 40
20 1 10
8 12 6
6 8 13
13 18 69
23 1 50
19 22 89
16 20 78
5 7 46
6 9 46
4 6 60
4 9 57
11 15 40
0 3 4
20 21 27
2 5 60
15 18 86
15 18 63
19 22 22
23 2 83
17 19 86
6 8 64
2 5 26
10 12 51
19 22 21
9 10 97
18 21 100
10 13 81
15 18 5
13 17 1
13 14 88
16 18 10
19 19 40
1 3 98
8 12 98
6 10 46
16 19 68
23 2 75
10 14 14
9 12 82
23 1 55
6 9 37
11 14 53
2 3 39
17 20 80
5 10 47
2 6 45
18 19 2
6 9 63
7 9 99
19 21 39
23 3 1
23 2 65
23 2 78
13 17 37
12 17 62
21 23 28
0 4 59
2 6 75
7 10 67
23 2 96
16 20 89
10 13 14
20 0 3
23 2 31
15 19 78
3 4 60
19 21 37
8 11 37
4 8 45
22 1 23
12 15 30
21 0 79
20 0 29
13 16 68
14 16 82
6 10 7
1 4 29
1 3 77
17 19 80
20 22 54
16 21 45
7 10 10
22 23 48
16 17 7
10 12 9
4 7 14
20 23 71
0 3 88
8 10 64
7 12 11
12 14 14
10 13 24
15 19 77
21 1 46
9 13 77
1 5 10
6 8 72
14 18 28
9 11 40
23 2 61
10 14 33
22 2 55
19 23 37
0 2 11
5 8 34
14 17 53
22 3 95
3 7 13
11 14 29
10 12 32
9 11 74
5 7 30
5 8 52
16 19 71
6 10 99
10 12 30
13 17 18
7 10 57
3 4 89
7 10 85
12 13 55
0 3 40
3 8 22
22 1 58
18 20 2
15 18 57
0 3 31
7 10 5
22 0 11
22 3 43
6 10 72
12 15 81
23 2 59
9 13 23
10 12 2
2 6 3
8 12 79
4 7 62
14 15 44
23 0 43
13 18 58
8 12 22
1 6 79
21 0 4
7 11 93
20 1 58
10 14 19
10 13 5
23 1 54
22 1 25
13 17 50
2 4 51
4 6 96
9 13 19
23 2 64
4 7 59
0 3 47
7 10 69
12 16 32
9 12 53
16 20 86
21 0 25
16 18 50
15 18 61
23 2 56
0 3 9
10 13 18
22 1 57
10 12 95
22 1 67
20 0 16
7 11 31
7 10 41
19 23 69
18 20 61
0 3 68
7 9 7
22 2 72
21 22 16
5 7 80
19 23 88
5 7 79
10 13 26
15 18 89
0 4 65
19 20 25
0 4 78
21 23 74
5 9 91
15 19 96
12 14 21
5 9 33
12 15 46
15 19 67
3 5 31
11 12 65
19 21 78
16 22 29
5 8 55
9 12 67
13 16 68
3 5 96
18 21 13
9 12 79
11 14 69
5 9 36
17 20 79
0 5 39
2 5 45
12 17 78
20 23 64
14 18 58
9 12 99
14 17 84
8 9 44
9 11 96
1 4 95
13 14 85
22 2 10
1 3 55
3 5 50
20 23 61
20 22 6
9 12 14
15 19 4
11 13 75
19 0 36
8 12 7
16 20 54
13 14 50
15 18 87
11 14 45
17 20 94
1 4 70
7 8 73
20 21 38
23 1 69
1 4 20
15 19 83
0 4 85
14 19 60
20 22 19
6 11 42
4 7 21
15 19 77
17 21 82
14 17 33
2 4 72
4 7 10
13 17 18
21 0 85
10 13 51
15 18 25
12 16 77
5 10 59
1 4 70
2 4 63
11 13 14
18 22 86
13 18 29
7 10 92
6 11 91
23 1 48
11 15 82
21 1 51
12 14 28
23 0 62
17 18 57
20 23 49
17 20 9
14 17 47
20 23 27
23 4 68
17 18 94
5 9 32
12 15 60
10 13 69
4 7 55
4 7 20
4 8 64
18 21 45
15 17 56
14 17 7
16 19 67
8 10 16
3 7 94
11 15 34
10 15 1
20 23 45
23 3 50
7 10 96
9 12 2
1 4 68
13 14 82
13 15 25
12 15 6
20 23 40
12 16 51
16 19 85
18 22 20
5 8 2
3 5 5
13 16 54
4 7 18
15 18 49
15 17 60
12 13 37
17 21 50
20 22 56
0 3 65
20 23 13
3 7 75
11 14 6
22 0 49
3 6 31
1 4 46
4 6 90
13 17 85
19 23 66
22 1 16
1 3 83
19 22 85
4 7 47
3 6 10
15 17 15
6 11 65
22 1 46
17 20 90
12 15 22
11 13 23
22 3 64
18 21 64
23 0 69
4 7 37
3 7 59
22 0 3
18 21 14
5 8 84
20 0 80
2 3 22
8 10 28
1 4 67
19 22 20
10 11 34
9 12 55
20 0 12
7 9 63
5 8 73
20 22 43
18 21 33
15 19 4
6 8 22
2 6 90
12 15 86
12 14 72
7 11 39
7 11 88
16 18 78
6 10 44
7 12 86
2 7 7
14 16 47
22 0 29
7 10 48
11 12 66
9 10 46
5 8 76
2 6 50
17 20 82
8 12 100
4 8 26
12 15 78
5 6 85
8 10 36
19 22 40
9 12 57
19 22 47
16 19 87
6 11 2
13 15 36
6 10 47
3 5 76
18 22 26
14 17 14
10 13 82
14 18 40
21 0 67
23 2 85
17 19 47
13 16 76
8 11 33
6 9 70
11 15 76
21 23 90
21 23 34
8 12 78
21 0 39
14 15 100
2 5 100
6 8 48
19 22 64
4 6 68
7 9 36
0 2 65
23 3 83
21 1 100
21 23 69
6 8 30
19 22 36
9 10 54
3 8 100
5 6 24
4 5 21
5 8 54
17 20 34
9 11 58
18 22 15
8 12 6
23 0 18
14 17 28
10 13 81
23 2 94
11 14 44
4 8 44
6 8 80
18 20 4
2 4 13
21 23 71
23 1 39
11 14 90
13 16 38
9 12 25
19 20 54
6 9 98
19 21 90
3 6 39
0 2 25
1 5 90
21 1 60
14 17 7
3 5 60
8 10 23
23 3 52
18 21 81
5 8 11
6 9 99
15 18 53
0 2 12
21 0 30
1 2 78
5 7 86
16 18 66
8 10 28
4 7 61
8 11 37
23 4 77
21 1 52
3 5 46
21 1 61
7 9 28
7 11 52
19 20 57
16 18 75
22 2 60
20 23 71
9 13 9
19 22 64
17 22 74
4 5 61
8 9 10
13 17 19
14 15 57
20 23 76
7 11 42
17 20 8
13 13 82
18 22 24
6 7 17
10 12 63
17 19 7
2 5 79
19 22 20
4 6 96
9 12 2
22 0 55
22 23 99
0 3 64
9 13 17
2 6 15
21 1 17
13 16 48
16 19 18
23 4 63
19 0 91
23 3 37
19 22 79
1 4 28
1 3 52
6 9 47
10 12 90
1 4 76
6 8 61
4 7 87
21 0 79
2 6 75
4 7 93
12 15 78
18 21 22
0 4 55
8 10 11
4 7 48
5 7 19
13 15 21
19 21 84
23 2 42
0 3 26
3 7 29
6 8 78
22 23 91
4 6 41
16 20 39
6 10 41
14 18 85
0 3 79
2 5 51
21 0 30
21 2 49
17 18 72
23 4 87
20 1 35
11 14 72
14 17 30
18 22 94
16 19 98
1 4 66
20 0 63
4 7 83
5 8 39
15 18 49
1 6 15
16 18 44
16 18 15
5 9 88
0 3 43
15 17 48
4 8 77
3 4 67
18 20 85
14 18 54
12 15 5
9 13 56
20 23 91
9 10 82
10 12 56
18 21 12
1 3 92
20 23 89
21 2 74
15 18 21
14 18 54
7 10 96
5 8 3
13 17 48
17 20 30
13 15 58
2 6 96
18 21 11
8 11 30
19 22 12
20 23 46
23 2 39
2 4 26
22 2 5
8 10 94
22 1 72
23 1 64
17 20 9
1 4 87
18 22 80
14 15 97
1 5 17
15 17 20
11 14 80
6 10 40
1 5 69
10 12 89
9 13 62
0 2 24
2 3 41
11 14 23
15 18 97
13 16 58
6 8 7
20 23 69
7 10 3
0 4 35
23 1 84
19 23 84
1 3 36
17 20 21
20 23 52
20 23 43
13 15 21
14 18 100
11 11 97
4 7 4
4 6 83
16 19 47
7 10 17
0 3 6
22 1 34
21 23 25
5 8 6
5 9 82
6 9 60
17 20 19
3 5 47
15 17 77
10 12 69
11 13 46
20 0 23
0 3 21
5 7 5
10 14 88
11 14 75
18 21 89
0 4 41
8 10 55
2 6 20
8 12 8
10 12 82
3 7 38
23 0 34
4 8 91
23 1 15
21 2 99
3 7 20
13 17 64
8 11 99
20 0 3
4 7 15
8 10 99
4 6 68
1 4 65
23 2 48
17 21 11
0 5 95
18 21 18
5 8 37
2 4 16
18 19 25
12 15 52
5 8 53
22 22 99
0 3 18
13 15 45
8 11 44
5 8 89
21 1 36
9 12 31
7 11 66
0 4 74
17 20 22
11 15 19
4 8 59
13 13 96
7 11 69
22 2 64
4 7 6
9 13 73
18 20 28
13 18 76
4 7 92
0 3 26
1 3 51
10 13 98
10 13 79
21 0 86
4 6 68
19 23 73
5 7 2
15 19 97
18 19 5
9 13 67
11 13 46
5 9 18
10 13 74
0 2 3
1 3 77
21 23 14
9 14 4
10 14 42
2 7 54
11 13 26
13 14 73
5 7 72
18 22 98
23 4 89
1 3 93
22 3 8
11 14 57
16 18 19
21 2 74
11 14 98
5 9 1
12 14 37
22 2 11
9 9 89
12 15 1
0 3 62
22 1 26
9 14 28
1 4 78
3 5 69
3 7 100
8 10 70
21 2 33
5 9 89
13 16 62
4 9 71
18 21 37
9 12 87
13 16 60
16 20 37
7 10 58
18 21 89
12 14 28
2 6 50
16 20 5
4 6 18
19 20 19
20 0 42
11 15 99
5 10 42
5 8 54
8 12 20
21 21 67
14 18 36
2 5 87
23 1 35
6 9 90
3 8 45
15 19 85
17 20 61
23 0 3
15 19 98
0 2 20
20 0 32
10 13 92
18 19 39
20 23 90
5 8 91
4 9 96
15 17 62
18 22 75
3 3 90
3 6 78
22 1 95
20 1 80
8 10 48
20 22 34
19 23 27
14 17 89
17 20 78
5 8 35
16 18 62
22 0 43
11 15 18
8 11 5
4 8 51
21 0 65
11 15 64
9 13 41
6 11 67
1 4 83
13 18 25
14 17 85
16 18 69
7 11 6
11 14 40
3 8 15
18 22 29
10 11 27
2 6 89
2 4 57
1 4 94
11 15 54
18 21 22
14 18 23
1 5 78
0 4 72
8 10 58
19 22 11
18 21 20
23 3 55
4 7 21
17 21 20
9 13 15
5 8 75
0 2 56
4 6 69
14 18 3
3 6 61
11 15 17
7 12 11
4 6 70
0 3 91
16 19 33
8 10 97
7 11 53
20 22 51
6 10 93
0 3 97
23 3 96
4 8 98
2 7 100
12 16 94
13 17 41
0 5 20
20 22 28
5 6 14
4 6 10
4 7 59
9 10 77
9 12 39
22 2 72
2 5 24
13 17 82
6 10 47
1 5 21
8 12 43
8 11 64
15 17 86
21 23 31
2 5 57
2 3 18
20 1 2
13 15 46
6 9 57
8 12 68
20 0 94
9 13 84
3 7 67
13 16 74
8 9 46
21 1 18
21 0 88
18 20 18
4 8 16
16 18 54
23 3 38
6 10 84
3 7 70
13 17 16
12 15 59
13 15 3
17 19 45
12 13 24
12 12 79
13 16 93
15 19 5
7 8 49
19 22 96
17 18 60
7 11 28
4 7 62
19 23 68
8 11 15
19 23 78
14 18 55
22 1 82
8 10 15
5 7 61
4 8 36
4 6 5
15 18 50
15 19 100
10 13 57
8 13 54
0 2 56
4 7 12
19 21 76
18 20 85
0 3 22
2 5 24
2 4 92
14 18 32
11 13 92
18 19 71
4 8 82
4 8 68
20 22 98
23 1 53
8 11 61
3 6 90
22 2 23
2 5 11
17 21 62
20 0 30
14 16 2
12 15 68
22 0 72
18 20 15
6 9 23
1 5 48
21 0 99
18 20 34
9 12 32
12 15 79
15 19 60
7 11 37
19 23 75
15 17 15
22 23 8
7 11 23
4 8 86
21 23 98
19 22 34
18 21 90
22 0 29
7 9 77
16 20 36
22 1 56
9 14 28
16 19 52
2 3 66
2 4 26
12 14 46
3 7 96
13 17 8
6 9 12
6 8 59
19 21 4
14 17 63
3 5 39
21 23 43
19 22 47
18 21 39
2 6 68
21 0 5
20 0 8
13 16 59
17 20 43
7 9 52
8 12 31
5 8 40
1 4 100
9 13 17
6 10 38
22 0 97
9 12 52
22 2 75
1 2 29
22 0 52
20 23 41
3 5 48
15 18 68
9 11 77
1 5 60
16 18 24
21 23 42
9 12 54
13 15 67
22 1 95
11 14 45
18 19 43
7 10 65
4 6 83
5 6 92
6 8 97
6 9 5
16 21 35
21 0 59
20 23 78
18 21 61
18 20 62
6 9 39
10 12 47
8 10 20
9 12 71
9 14 82
19 22 33
5 7 9
16 21 51
18 20 91
3 7 39
21 23 31
11 14 3
10 13 68
18 21 62
23 2 40
1 2 98
16 21 44
5 7 5
22 0 41
20 23 10
10 13 82
6 9 24
2 4 67
14 16 63
22 2 80
21 1 43
14 17 40
12 16 17
20 0 73
9 13 50
11 13 59
19 21 76
12 15 21
9 11 33
17 20 75
12 13 98
8 10 58
4 8 9
1 3 11
1 5 22
17 18 87
14 18 73
5 8 88
16 18 78
7 11 23
8 11 12
23 1 36
8 11 70
5 10 39
22 0 47
20 0 70
9 11 68
22 2 80
8 10 97
15 19 93
3 5 21
20 21 68
0 4 34
15 17 51
13 16 46
4 7 23
1 4 38
22 1 53
1 3 46
7 10 22
11 13 97
1 3 11
19 22 81
23 2 19
1 3 8
16 18 78
3 6 62
17 20 41
9 13 32
10 11 48
14 15 15
19 21 31
12 15 52
17 20 19
4 6 65
4 7 47
15 19 76
13 17 8
2 4 61
23 0 6
21 22 32
7 10 3
18 21 61
23 3 21
2 5 53
22 2 67
12 14 1
5 8 100
14 18 58
4 7 93
14 18 39
11 14 33
6 8 82
0 2 40
17 22 55
23 2 56
15 18 96
2 5 4
10 13 68
20 22 86
14 16 92
16 20 96
20 22 73
14 17 32
2 4 45
18 20 95
18 21 19
8 11 16
17 20 92
7 10 41
22 2 34
16 20 4
0 3 28
6 9 37
2 5 49
19 0 93
9 13 48
20 23 13
6 8 8
23 4 89
12 15 69
14 17 66
21 1 11
7 9 1
12 14 36
14 20 55
21 0 39
16 17 5
6 8 56
1 4 50
3 6 61
15 18 31
20 23 91
22 1 97
1 3 77
20 22 27
6 7 1
11 16 84
13 15 95
6 9 11
15 18 50
19 23 47
8 11 75
4 7 16
6 10 3
8 10 74
3 7 94
9 12 17
3 5 12
15 19 69
2 4 19
9 12 80
11 14 71
13 17 97
14 18 67
2 4 82
5 7 60
6 9 15
22 0 21
16 20 22
5 7 89
5 9 55
19 22 89
19 23 98
6 10 5
5 6 9
19 21 40
2 4 53
19 22 67
7 9 82
12 15 63
10 12 27
4 6 24
13 18 65
5 8 9
17 20 17
14 16 52
14 16 97
12 15 76
3 7 23
8 10 54
11 14 41
14 16 11
0 5 8
21 1 83
21 0 29
7 11 90
0 3 9
8 12 39
13 17 34
22 0 56
5 7 64
10 12 23
12 13 44
2 6 19
8 10 15
11 15 97
1 5 85
17 20 73
21 0 35
19 22 94
11 15 2
16 18 50
23 2 36
15 20 3
1 3 44
4 6 97
13 15 87
2 4 7
16 17 35
2 6 99
7 11 24
11 14 79
17 20 78
7 9 18
16 20 98
10 14 79
0 3 90
10 14 51
20 22 28
15 17 36
15 17 58
2 4 22
21 1 100
8 11 51
15 17 72
7 9 3
1 3 6
15 19 64
9 13 99
13 16 49
19 22 5
17 19 70
23 1 54
8 11 87
0 3 59
12 16 47
8 13 27
17 20 13
22 0 9
21 1 43
22 0 77
1 3 29
17 21 59
22 2 68
21 1 59
3 5 50
3 8 66
17 20 40
19 22 25
19 23 80
1 5 36
13 17 82
17 17 3
22 1 3
17 20 63
17 21 26
11 16 63
4 8 28
0 3 79
20 23 57
2 7 60
18 21 63
6 10 88
19 0 94
10 13 87
3 6 7
16 20 83
19 22 62
6 8 49
4 7 74
15 18 90
20 0 31
11 12 61
5 9 27
10 12 38
17 20 32
17 19 14
9 13 61
7 11 28
11 13 41
17 20 26
2 5 73
6 10 34
20 23 47
16 18 12
13 15 56
14 17 21
18 20 2
13 17 45
22 1 59
20 1 67
12 13 57
11 16 26
6 8 84
20 0 90
18 21 62
14 18 13
17 21 29
18 21 11
11 15 46
15 18 89
9 11 62
8 11 19
18 19 100
12 15 6
5 8 33
15 19 43
14 17 93
22 2 56
0 2 18
21 23 75
5 6 17
12 15 59
0 2 70
1 4 41
4 7 97
22 1 55
2 6 43
16 19 4
15 18 13
12 17 60
18 22 34
15 19 87
3 6 94
1 5 93
14 19 2
13 16 94
12 14 16
9 12 54
6 11 14
2 4 60
20 23 17
6 9 5
20 23 33
18 22 33
19 23 21
1 4 41
14 17 22
16 19 66
12 16 54
18 22 71
14 17 40
10 15 13
11 15 11
1 5 45
10 14 58
1 4 61
17 21 62
14 16 50
16 19 13
22 1 45
4 6 43
18 22 48
5 8 98
9 13 31
2 4 75
10 12 93
4 5 15
8 11 95
7 11 9
11 13 14
22 2 48
0 2 24
3 6 34
19 22 85
19 21 56
5 9 95
16 19 75
6 8 87
7 9 27
1 5 28
1 5 17
17 19 80
18 21 70
20 23 36
9 11 77
19 22 91
12 13 83
21 23 66
21 23 90
4 7 74
20 0 13
17 20 36
3 7 19
15 20 88
1 7 58
15 19 80
3 5 60
4 7 8
15 19 65
23 3 30
18 21 55
23 2 36
20 22 23
15 17 53
14 16 65
10 12 62
16 19 4
22 1 9
1 2 65
7 10 53
14 17 64
9 12 75
8 11 22
13 19 77
2 6 20
5 10 84
17 21 84
21 0 1
19 1 81
10 14 35
9 12 4
17 21 75
6 10 78
3 6 89
0 4 96
2 6 31
22 1 94
11 13 44
19 21 79
13 17 64
2 4 10
5 6 36
11 12 42
18 19 14
8 10 96
20 23 93
3 6 30
10 11 81
1 2 38
2 4 98
18 20 88
19 20 83
1 4 94
22 1 19
6 9 33
1 4 79
7 12 47
4 8 21
5 8 11
12 16 20
16 19 83
16 18 73
23 4 2
23 2 70
2 5 68
2 5 13
22 2 78
5 8 34
18 22 47
8 11 67
8 11 33
18 20 70
5 6 9
22 1 61
19 22 82
15 17 59
13 18 57
4 6 54
22 2 57
21 0 50
9 14 28
22 1 69
4 8 73
3 6 16
7 10 94
16 18 15
10 11 40
3 6 27
23 2 89
14 17 40
11 14 72
13 16 86
17 20 48
23 2 2
19 20 85
0 3 47
19 0 39
5 10 68
16 18 93
13 16 75
14 17 3
23 3 7
15 17 4
12 17 2
5 7 69
19 22 59
9 12 27
14 16 87
2 4 91
15 17 82
5 9 34
11 15 69
4 7 37
21 1 85
20 23 38
20 22 80
10 13 84
5 7 34
0 4 86
14 18 70
0 3 60
18 20 90
21 23 93
21 0 60
8 10 86
22 1 18
8 11 4
2 4 83
2 5 16
3 5 89
7 11 77
6 8 47
22 0 57
3 6 88
6 10 21
4 8 73
16 19 7
16 17 7
20 1 29
21 22 82
18 22 51
4 6 75
21 1 83
18 21 31
18 19 65
15 17 16
12 15 17
17 20 7
5 9 58
11 14 49
13 17 16
18 21 75
2 7 10
7 10 73
6 9 85
7 9 57
23 2 6
2 5 5
0 3 11
19 23 40
14 17 84
14 17 86
22 3 15
17 20 44
10 13 23
11 15 58
2 5 48
13 17 45
2 5 87
17 21 69
5 8 27
7 11 61
17 17 69
23 3 47
13 14 65
5 10 63
15 19 58
6 11 53
0 2 85
22 2 55
5 8 99
22 0 61
18 21 9
13 16 26
10 14 29
8 12 2
15 18 91
18 23 84
20 23 84
17 21 4
4 10 14
4 7 18
18 22 51
1 3 26
7 10 23
9 13 31
19 21 14
20 22 96
6 9 65
5 7 25
2 4 19
6 10 82
17 21 41
21 23 46
10 12 44
6 9 1
16 20 86
10 13 95
3 5 24
5 9 62
3 6 90
17 22 93
10 12 51
4 7 98
14 18 24
18 20 23
15 18 54
4 6 7
0 2 9
6 10 90
1 4 97
19 21 54
17 19 99
23 2 41
12 17 15
5 7 93
10 13 23
11 14 18
11 12 25
20 23 1
1 4 98
2 5 75
10 14 50
13 17 41
10 12 77
20 0 64
10 13 98
23 2 18
23 1 52
22 2 16
1 3 10
18 23 59
12 15 27
6 11 19
10 13 96
15 21 56
2 5 58
12 15 85
2 5 22
8 10 89
6 8 68
3 6 48
2 4 43
0 2 99
9 11 54
12 16 28
6 8 16
21 23 19
1 4 13
3 7 27
9 13 17
8 11 98
14 19 94
20 0 20
7 11 63
15 17 46
18 23 19
22 2 59
11 14 57
10 15 83
8 11 44
6 9 67
17 21 57
11 12 73
19 22 48
22 2 44
1 4 18
1 4 10
11 14 85
10 12 21
1 5 12
8 11 63
13 16 6
3 6 48
16 19 67
7 9 36
3 6 62
11 14 25
8 12 65
17 19 2
19 21 5
8 12 51
13 15 34
18 21 87
21 23 9
13 16 84
4 5 76
3 5 17
2 5 75
8 11 9
18 23 4
9 15 20
18 20 79
14 18 20
19 20 92
19 22 86
14 15 98
5 10 44
6 9 22
3 6 69
14 16 88
3 7 82
8 11 6
6 8 43
23 2 31
20 0 37
22 1 92
0 4 6
9 14 24
13 16 85
4 7 63
18 21 14
20 23 55
2 4 17
13 16 43
11 12 12
12 14 63
19 22 9
10 13 25
21 0 99
0 3 66
12 14 29
0 2 60
11 14 52
1 4 57
6 8 46
10 14 51
19 21 8
12 14 46
9 15 89
9 12 13
23 0 83
14 17 74
15 18 96
23 3 34
18 19 99
1 5 27
22 4 36
3 5 47
16 18 2
18 21 67
2 6 97
7 7 32
19 22 42
14 16 12
13 16 94
22 2 19
16 20 45
6 9 7
9 12 48
23 2 77
1 4 74
18 21 17
3 7 3
15 18 38
20 21 75
18 21 84
19 22 98
7 10 13
1 5 12
16 19 69
0 3 41
6 8 55
1 4 58
5 8 82
22 1 62
13 17 41
15 18 67
18 20 67
8 11 1
0 3 52
17 20 89
18 21 43
19 22 34
21 0 7
15 19 100
3 5 83
7 9 46
12 15 53
19 23 55
14 18 97
0 2 97
4 7 85
19 22 22
4 8 54
6 9 81
23 1 42
14 19 53
19 20 73
3 6 84
20 23 13
18 21 35
19 22 38
0 4 92
9 11 83
8 10 100
5 8 31
22 23 40
0 3 66
23 3 82
4 5 36
15 20 20
23 1 55
12 15 85
7 10 99
9 11 34
3 4 39
7 8 57
0 2 69
5 8 38
11 13 65
9 10 100
19 21 48
15 18 44
12 16 72
1 4 69
11 16 17
8 11 90
15 20 7
18 20 72
10 13 35
10 11 86
17 21 84
7 12 99
6 10 86
14 16 92
7 10 28
6 8 24
9 10 48
12 13 99
17 21 89
13 18 10
19 0 40
6 8 84
9 12 76
12 16 77
10 13 50
14 18 56
10 15 50
2 5 39
23 2 82
5 9 81
23 3 48
21 23 12
7 10 83
14 16 16
20 23 53
18 22 4
10 14 67
20 0 46
23 3 62
4 5 82
8 13 82
0 4 100
3 8 82
11 14 38
15 18 65
1 3 36
4 8 27
9 12 67
10 11 79
22 0 74
11 15 10
21 23 52
3 6 100
22 0 32
13 16 78
2 5 44
6 9 44
11 13 32
23 1 49
5 7 26
1 3 69
10 14 55
2 5 51
23 3 28
0 4 56
13 16 56
18 20 15
18 22 70
15 16 22
18 22 59
10 12 77
14 18 83
11 15 1
22 2 59
2 6 54
2 6 43
21 1 83
9 9 73
20 23 71
18 23 99
0 2 22
11 15 4
20 23 13
2 6 22
8 13 89
5 9 14
4 7 42
18 20 28
21 22 63
7 12 86
15 19 73
4 9 4
1 3 28
16 17 50
3 4 67
18 22 74
10 14 79
23 1 100
8 11 4
13 15 95
1 5 11
18 20 2
1 5 14
8 12 93
8 11 91
2 3 62
23 0 15
15 18 1
16 21 100
13 15 95
8 10 88
14 20 35
8 11 88
5 9 86
3 5 90
4 6 50
10 14 18
16 20 5
16 19 39
17 20 68
19 22 49
15 17 68
2 5 44
21 1 87
0 3 91
11 14 85
3 6 47
9 12 54
8 11 64
22 1 94
2 5 8
13 16 19
2 5 51
22 0 6
1 3 94
14 18 53
2 6 59
0 2 71
19 21 75
6 10 76
10 12 48
15 19 93
8 10 73
22 0 64
11 13 66
10 13 69
13 16 84
10 14 68
7 11 85
7 10 51
3 5 56
6 9 46
12 14 12
16 18 15
3 6 56
14 16 28
8 12 54
14 17 14
20 22 20
22 0 60
19 22 91
7 10 27
8 11 24
11 15 20
19 21 35
4 7 66
14 17 29
13 15 74
19 22 55
17 19 76
2 6 36
8 10 32
15 18 39
13 16 68
6 8 39
16 18 82
2 6 5
0 3 70
5 6 53
13 16 50
7 9 47
2 5 82
3 6 74
6 8 74
12 13 89
10 12 56
9 10 1
16 20 95
6 9 18
3 6 72
4 8 40
14 17 82
3 8 52
6 8 87
3 6 30
16 18 55
6 8 11
3 7 98
19 23 59
22 1 4
8 10 21
16 19 79
18 20 98
0 3 35
16 21 32
10 12 11
1 3 38
16 19 35
20 23 14
14 17 53
3 6 67
23 3 41
13 16 74
14 18 35
21 0 74
18 21 10
22 0 34
1 3 27
4 6 76
20 23 92
13 15 77
7 9 60
6 10 43
5 8 12
10 12 33
13 18 56
6 8 57
14 17 84
21 23 93
23 1 36
22 1 36
21 1 17
15 15 90
15 18 38
19 21 65
19 1 58
0 3 6
13 15 97
21 0 92
6 9 80
19 23 47
7 10 53
20 23 23
19 21 11
16 18 52
2 6 91
2 6 73
5 9 16
22 0 61
16 18 11
13 16 3
12 16 73
5 8 94
23 2 80
6 9 49
11 13 15
15 19 58
13 17 40
13 17 10
10 13 36
0 3 87
12 14 34
20 22 73
15 18 60
9 12 87
16 19 70
5 9 68
2 5 72
13 16 8
2 6 60
13 17 45
14 17 45
23 1 32
23 2 79
3 6 13
14 17 18
19 21 88
6 6 79
13 16 14
3 5 76
23 2 92
9 13 92
22 23 96
12 14 13
22 1 79
7 10 11
11 13 52
10 14 12
16 19 2
17 18 79
8 11 99
19 20 40
4 8 97
4 7 80
2 5 13
14 17 93
21 0 72
13 15 31
17 20 89
1 5 33
16 19 64
6 8 53
9 13 54
9 11 60
3 5 93
4 8 24
11 13 67
2 5 23
7 10 97
17 21 77
8 10 77
0 4 56
13 17 87
2 6 15
9 11 9
1 5 34
15 16 4
19 20 78
14 17 3
18 22 58
10 13 65
6 9 28
6 9 1
13 17 98
11 15 48
18 22 30
8 14 53
10 13 67
23 2 56
16 19 45
7 10 3
9 13 55
21 0 38
14 16 44
12 16 68
7 11 87
19 22 58
20 23 66
15 19 72
14 16 23
18 23 49
14 18 32
17 20 51
1 4 62
4 6 81
19 22 33
5 9 4
18 22 82
6 8 79
20 0 89
5 7 49
3 5 74
15 21 4
5 6 71
16 19 69
5 8 40
13 17 39
11 13 25
4 6 62
15 18 63
23 0 16
1 6 50
18 22 76
10 14 37
23 1 64
20 23 99
14 16 8
15 18 16
1 3 84
23 4 72
9 11 20
3 7 43
13 16 11
22 1 76
18 20 63
8 11 53
8 11 34
0 3 34
7 10 64
15 18 32
8 10 13
9 12 1
13 18 71
4 7 66
1 5 71
10 13 22
0 5 98
6 9 30
1 6 65
6 10 71
15 18 85
8 11 24
10 13 94
19 23 54
22 1 72
19 19 62
11 13 54
19 23 80
15 18 18
9 13 52
5 8 27
22 0 15
13 16 76
13 13 73
1 4 41
4 8 58
23 3 40
21 0 84
16 20 11
8 12 45
12 14 97
6 9 56
19 21 49
16 20 40
2 7 5
11 14 87
2 5 86
2 5 38
20 23 19
9 14 89
5 7 96
10 12 26
19 20 98
20 23 39
21 23 53
2 8 8
1 3 20
16 19 53
0 4 24
20 0 17
13 16 5
19 21 78
10 13 67
2 5 98
17 20 36
20 23 7
5 7 89
15 18 24
21 0 13
18 21 74
8 12 85
12 15 65
9 12 76
0 3 26
19 22 8
21 23 92
3 5 83
10 11 68
11 14 3
12 16 43
2 5 62
6 9 37
6 11 25
11 13 32
11 12 77
3 6 98
21 1 68
2 5 84
7 10 57
4 6 16
1 3 14
5 7 11
23 1 76
7 10 18
7 9 93
16 18 50
14 16 77
23 0 1
10 14 87
14 17 16
18 21 36
5 8 72
9 11 26
1 4 24
16 20 35
14 18 66
6 8 28
5 9 23
19 22 85
18 21 16
16 19 62
1 5 55
18 20 30
8 10 90
12 14 2
13 15 23
11 15 50
21 1 44
16 20 48
12 16 58
13 17 11
17 20 83
18 19 29
7 10 53
10 10 59
13 17 4
0 5 2
22 23 10
12 16 88
10 11 35
6 7 42
10 14 82
4 8 53
6 9 73
2 5 91
6 10 71
23 1 32
4 6 3
19 0 21
12 15 66
22 3 62
13 15 100
11 14 65
14 16 81
3 5 57
9 13 51
0 4 17
18 21 55
11 12 44
11 14 72
17 18 12
12 16 93
5 8 52
12 16 16
2 5 5
23 2 79
1 3 90
20 23 42
18 19 49
18 20 69
22 0 48
13 17 51
3 6 82
1 4 48
6 7 32
1 4 40
19 22 33
20 23 56
15 18 93
10 14 82
8 10 56
19 21 67
16 20 66
12 15 60
23 2 87
17 20 81
4 6 32
4 8 99
11 13 60
16 19 95
22 1 63
4 8 42
7 11 17
15 19 64
21 0 61
15 16 47
20 1 62
16 18 34
17 17 49
23 0 35
20 23 76
13 17 39
19 23 85
19 21 27
17 22 11
4 7 57
23 3 17
12 17 48
18 20 21
4 8 13
0 3 15
17 22 25
2 4 51
18 20 65
18 20 52
3 5 21
15 18 86
13 16 22
16 20 16
21 0 16
13 17 48
3 8 90
0 5 74
14 17 22
0 4 47
21 23 67
0 2 34
4 8 95
1 4 72
12 14 70
18 21 71
16 21 57
17 21 71
13 15 58
16 18 15
13 16 62
1 5 76
13 17 48
19 23 7
6 8 68
11 14 64
14 18 64
16 19 84
4 6 83
17 19 90
19 23 4
10 14 35
7 10 93
6 9 25
14 17 82
9 11 80
17 19 36
6 9 59
16 19 31
2 6 51
17 20 50
12 15 80
9 12 73
8 10 31
9 10 55
7 9 11
23 0 30
1 5 82
9 13 22
1 3 57
22 0 97
1 4 98
18 20 89
3 5 4
18 21 97
6 9 45
7 11 8
4 7 5
1 2 3
2 4 78
6 7 54
20 21 42
18 21 86
6 10 31
0 3 23
11 14 99
4 8 78
3 6 81
19 0 50
14 18 22
23 1 16
9 12 60
16 20 30
18 21 20
12 14 24
13 16 60
11 14 86
14 17 61
3 6 28
6 10 25
18 21 58
19 20 80
15 18 54
1 5 73
12 17 41
0 2 79
22 23 39
23 3 38
14 17 65
23 0 22
4 7 92
6 9 78
14 16 66
9 11 19
12 14 49
16 19 86
9 12 93
7 9 8
21 0 26
21 0 6
16 17 51
18 21 61
9 12 28
5 10 33
21 0 20
8 10 100
22 0 93
4 8 76
22 3 23
21 0 77
10 14 32
12 16 92
3 7 18
7 13 81
14 18 68
9 11 69
2 4 81
2 4 93
13 16 24
9 13 100
14 17 32
23 3 36
23 1 81
0 4 83
3 5 25
18 22 3
10 10 95
14 15 39
15 19 39
14 17 42
5 7 25
0 4 78
11 15 51
21 23 45
13 17 35
6 9 17
6 8 40
3 5 75
0 3 81
14 15 36
8 12 26
1 3 24
14 17 49
1 5 81
17 21 68
0 3 26
18 20 88
5 9 84
0 3 67
15 19 78
1 4 95
11 13 97
18 21 92
1 3 69
9 11 1
9 13 35
6 8 36
10 14 100
15 18 53
10 14 37
14 17 48
15 17 56
12 15 37
1 3 94
22 1 59
21 22 35
14 18 77
7 11 74
15 18 71
3 4 95
9 11 68
8 11 72
7 11 60
5 9 3
0 2 13
19 21 31
11 14 44
19 23 98
11 13 22
3 7 2
17 21 34
18 22 89
9 12 93
19 23 52
13 17 54
16 18 92
19 22 86
13 17 100
6 8 55
23 2 50
8 11 32
8 11 79
18 21 76
19 21 7
9 11 69
23 2 29
7 9 20
16 19 88
15 20 65
4 7 74
22 1 63
21 0 40
20 0 64
1 6 90
23 2 93
21 23 42
3 6 41
10 13 39
6 9 46
7 11 22
1 6 54
9 11 2
21 0 52
10 12 27
21 0 55
21 2 89
17 21 50
7 8 10
6 7 14
3 5 73
23 2 89
19 20 48
1 3 97
5 9 3
15 18 40
6 8 40
19 21 22
12 15 54
16 19 80
0 2 65
12 15 96
6 10 1
22 1 12
13 15 36
17 20 3
3 5 42
21 2 39
16 19 95
21 2 72
7 8 11
9 10 85
14 19 45
19 23 16
5 7 11
8 11 16
1 5 37
22 1 43
20 23 86
4 7 5
16 19 70
9 13 49
17 21 54
21 0 54
14 16 69
5 7 25
6 9 67
7 9 27
0 3 68
5 8 71
2 5 37
20 23 97
16 19 88
19 22 19
13 17 88
5 8 98
3 5 33
7 9 87
14 16 79
17 21 65
12 15 33
16 19 41
4 8 6
22 2 20
18 22 59
21 0 73
22 0 78
13 15 22
0 3 91
6 10 3
1 4 47
15 18 81
20 0 13
14 17 99
1 5 26
2 6 14
14 17 43
10 14 93
8 12 18
22 2 81
4 8 79
18 22 31
4 7 62
4 8 34
19 22 47
11 13 26
14 17 22
5 9 29
17 21 58
15 19 39
14 17 30
14 18 66
18 21 33
14 17 95
6 11 72
19 22 59
18 22 15
0 2 79
16 20 16
10 13 74
1 6 34
4 6 64
0 2 54
6 7 84
23 2 35
11 15 78
14 20 72
10 14 36
2 5 96
20 0 78
23 2 63
17 20 27
17 22 42
15 19 52
22 23 95
1 4 12
14 17 83
1 4 36
13 15 21
22 2 59
7 9 99
3 5 81
18 22 31
19 22 26
12 16 43
20 21 37
15 19 78
5 8 7
10 13 14
4 6 39
2 6 72
23 0 98
4 6 77
6 8 30
17 19 73
7 9 39
3 6 20
17 21 74
6 9 98
3 6 25
2 5 2
13 15 45
0 2 13
13 16 56
6 9 14
11 14 26
9 12 59
0 2 66
17 22 8
9 12 15
1 3 98
2 6 5
19 20 54
1 5 60
14 18 30
21 0 3
12 14 41
11 15 25
19 20 93
6 9 52
23 2 36
16 20 75
13 15 20
9 12 6
5 9 63
23 2 93
7 10 86
13 17 57
11 14 17
0 5 22
17 21 27
20 23 92
4 6 49
12 16 16
18 21 51
10 15 20
11 14 35
2 6 5
11 13 66
6 8 87
20 23 59
15 16 77
2 4 42
8 11 19
22 0 96
18 22 27
6 10 72
14 15 75
17 21 19
3 7 38
10 14 56
3 6 82
12 15 68
8 11 36
2 5 16
18 21 36
23 3 2
16 21 14
13 15 86
12 15 95
5 7 41
2 8 72
18 21 64
2 6 82
1 6 6
2 5 77
20 23 85
6 10 49
2 4 63
1 5 67
9 13 22
23 3 39
13 17 92
3 7 1
4 8 100
5 7 96
5 7 50
1 5 2
14 16 79
20 22 48
8 11 26
14 18 27
20 23 24
10 13 59
1 4 15
6 11 12
8 12 27
11 14 39
4 6 12
10 12 15
20 0 30
12 15 97
19 21 25
2 7 3
19 21 26
5 8 74
20 0 69
6 8 63
18 21 19
4 7 89
1 4 41
5 9 37
17 21 99
5 9 93
11 14 31
11 16 19
14 16 62
18 19 7
18 22 27
16 19 54
8 10 61
11 15 5
19 23 87
6 9 59
8 13 15
7 9 45
9 12 26
23 2 59
8 11 27
23 2 36
20 22 10
7 10 29
16 18 81
9 12 8
17 18 61
8 12 92
21 0 4
21 0 74
7 10 76
16 20 17
21 0 39
14 18 57
21 1 68
23 1 43
23 4 35
12 15 47
0 4 49
6 8 60
19 22 71
13 15 43
7 11 33
18 21 15
1 4 46
21 0 44
20 21 34
10 13 17
19 22 88
12 14 10
12 15 98
8 12 30
7 11 64
2 6 15
19 23 80
22 2 31
21 1 79
13 16 8
12 15 14
6 8 75
2 6 86
23 1 59
4 6 91
23 1 47
11 13 7
21 0 10
14 15 68
23 1 98
9 13 82
9 10 73
17 19 82
5 8 36
20 0 61
8 11 6
20 0 92
22 1 37
17 19 82
6 9 2
1 3 98
14 16 3
8 10 42
4 8 75
1 4 77
11 14 37
13 15 7
6 10 30
4 6 60
11 14 50
12 16 27
11 14 43
22 0 54
7 10 65
4 8 42
14 15 7
16 18 44
10 12 3
21 23 50
10 14 9
22 1 79
6 9 92
4 5 100
16 17 47
18 19 75
22 3 94
14 17 21
11 15 17
14 18 7
6 10 17
15 18 29
8 11 32
2 4 72
6 10 24
8 12 6
18 21 4
19 20 51
1 3 73
7 10 19
3 5 30
1 2 82
1 5 90
12 15 92
0 3 50
1 3 80
3 6 19
10 12 36
15 18 69
16 21 65
8 13 7
6 11 5
20 22 78
22 2 95
12 14 18
12 16 28
22 22 27
22 0 31
17 19 23
17 19 83
22 1 41
20 22 99
9 12 15
11 12 78
21 0 16
15 19 65
10 13 2
22 0 2
5 10 70
12 13 30
10 15 8
17 19 82
6 11 11
10 14 19
12 15 48
9 11 20
22 2 14
7 12 56
10 15 67
9 13 38
11 13 1
18 21 89
12 14 26
18 22 16
14 17 84
2 3 23
23 1 43
8 11 95
6 8 1
23 3 87
16 18 25
12 16 50
6 8 55
15 18 34
18 21 72
17 19 14
0 4 94
16 19 71
19 21 78
15 19 60
23 2 63
0 3 75
17 19 47
4 9 80
20 0 44
9 12 31
3 6 72
18 22 17
23 2 36
12 15 17
15 19 28
21 23 58
15 18 25
13 15 67
17 22 65
12 15 4
4 7 97
3 5 80
10 12 45
14 17 99
9 13 95
8 8 68
14 17 61
15 18 43
3 7 71
3 8 98
17 21 11
0 3 40
13 16 84
22 23 47
23 2 96
1 2 64
6 10 42
0 2 72
9 12 57
4 7 37
10 13 89
16 19 50
10 13 31
17 21 36
14 17 74
8 11 84
18 22 29
