1000 10
4 3 8 4 7 9 3 1 5 1 
9 12 10
17 19 5
21 23 9
15 16 2
20 1 10
21 23 3
15 18 2
17 18 1
16 20 10
1 4 2
16 19 5
21 23 1
10 14 6
11 15 5
12 15 2
9 11 9
9 13 8
12 14 7
18 20 7
13 17 2
12 15 5
1 4 8
15 17 2
17 21 5
6 10 7
7 10 5
10 12 8
16 19 6
5 8 8
21 0 10
1 3 8
15 19 5
2 3 6
0 3 9
4 6 4
6 7 4
13 15 8
13 17 1
9 12 9
3 7 1
5 7 8
18 21 3
1 5 2
15 18 1
16 20 7
23 3 7
21 23 4
22 1 8
6 8 5
4 7 1
13 15 2
6 9 3
13 16 2
23 2 10
8 11 8
11 14 4
23 1 2
13 15 4
16 18 9
12 15 3
8 11 1
13 17 1
16 20 8
17 20 1
10 13 9
23 3 3
19 20 10
11 13 5
1 5 6
15 19 7
15 16 2
14 19 5
21 23 7
10 13 7
0 2 3
3 5 4
8 10 4
1 2 2
22 1 6
6 9 8
4 7 8
5 7 7
5 8 10
19 22 3
10 14 9
10 14 4
15 19 1
11 13 3
16 18 5
1 3 2
15 18 7
15 18 7
15 18 3
7 7 6
1 5 6
14 17 6
2 5 9
16 19 7
1 3 3
19 23 9
6 8 8
5 8 2
1 4 2
13 15 10
18 21 7
21 0 4
2 5 4
6 9 8
3 7 8
0 3 6
1 5 3
18 22 9
7 10 10
21 0 9
12 15 8
17 21 7
16 18 6
13 16 5
13 16 6
17 22 3
2 6 2
1 3 1
16 19 7
16 19 8
3 6 8
20 22 7
11 15 3
6 10 6
19 23 5
11 13 6
7 11 3
0 2 4
19 20 1
16 19 7
17 20 6
12 14 5
3 6 8
19 0 4
4 9 7
20 23 2
3 5 4
19 23 5
17 21 2
12 14 4
9 13 9
18 21 8
17 19 8
17 20 3
12 15 9
23 2 4
11 14 10
23 2 8
13 15 3
4 8 2
0 2 1
3 5 8
1 4 2
9 12 6
7 10 10
12 15 10
3 6 1
14 18 1
2 5 2
16 22 7
10 12 9
9 13 3
14 16 1
12 13 6
17 20 3
3 7 10
13 17 5
12 15 4
7 10 10
0 2 4
15 16 1
23 2 1
18 21 4
1 5 7
21 0 4
20 23 2
10 12 1
2 6 9
20 23 2
0 4 10
10 12 6
8 10 9
23 2 6
20 23 9
4 7 3
1 3 1
2 4 10
14 18 8
5 9 9
12 13 2
19 20 2
1 1 8
10 12 1
16 19 9
23 4 9
22 1 1
8 12 1
0 1 8
22 1 1
7 11 9
4 7 7
5 9 4
11 14 10
7 10 3
18 22 3
21 23 5
11 14 10
8 11 5
0 3 1
11 14 3
2 3 1
3 6 1
16 19 10
12 15 1
3 5 9
6 9 9
9 11 8
7 11 4
10 14 8
5 9 5
19 22 9
0 4 2
11 14 7
15 19 2
16 18 4
23 3 10
5 9 9
7 11 2
12 14 9
20 21 6
15 18 2
6 8 1
13 16 9
15 18 9
6 8 6
5 9 7
7 11 7
23 3 7
8 12 9
8 11 3
11 13 8
1 3 2
3 7 7
0 4 1
18 19 10
11 15 9
6 9 8
2 5 8
3 5 4
14 18 5
15 19 3
2 6 1
17 19 1
19 0 5
0 4 2
21 1 3
7 9 4
0 3 2
12 16 2
4 6 10
15 17 2
8 9 2
8 11 5
5 8 6
20 23 8
0 0 4
8 10 6
16 20 2
16 19 3
19 21 5
8 12 1
18 22 1
13 17 10
5 8 3
18 21 4
22 1 4
14 17 2
14 19 7
1 5 1
5 6 8
9 13 10
18 22 7
6 10 4
7 11 3
13 15 8
10 13 1
16 18 10
22 1 9
11 13 2
8 12 1
0 3 5
15 17 10
9 11 8
2 4 1
19 23 1
4 7 6
5 9 3
17 21 1
7 9 5
5 9 3
1 3 9
5 7 3
14 17 9
1 4 7
22 2 3
1 4 2
2 5 8
19 20 5
4 8 7
4 7 8
21 0 4
14 18 9
22 2 4
20 22 8
21 1 5
4 7 10
11 13 2
19 22 7
12 15 3
22 1 10
10 13 2
7 11 10
14 16 4
2 4 5
19 22 2
6 9 1
11 14 1
19 23 10
7 9 2
6 7 2
8 11 1
0 4 9
12 16 6
23 2 9
18 22 1
2 5 8
5 9 9
8 10 10
9 13 1
16 19 1
6 9 4
7 10 10
6 8 10
9 13 4
20 21 2
20 0 3
18 21 6
13 17 2
14 18 10
15 18 1
9 13 7
21 1 5
3 7 2
0 3 1
16 18 5
11 14 3
3 7 7
0 3 1
3 6 8
12 15 4
8 12 9
21 23 8
15 20 2
19 21 5
13 18 3
11 13 9
20 23 3
18 21 8
3 6 3
5 8 6
12 15 4
16 19 6
19 0 6
11 13 7
17 21 3
12 14 6
8 14 4
12 15 4
16 20 10
14 17 5
6 10 1
11 15 5
0 2 10
18 20 5
4 8 3
20 1 5
12 14 10
18 21 5
22 1 4
18 22 5
3 4 3
6 9 8
14 17 7
21 0 8
0 2 8
2 5 8
6 8 1
1 4 8
8 11 3
12 14 7
11 13 7
23 2 2
8 10 5
8 10 9
11 15 4
5 9 3
9 14 7
17 19 7
22 1 9
10 12 3
13 16 6
15 18 7
13 16 2
18 20 6
17 20 2
2 6 4
5 7 8
18 21 2
6 10 4
4 7 3
20 21 10
3 7 10
9 11 10
12 16 9
2 4 5
12 14 9
9 12 2
8 10 10
2 6 6
17 20 4
0 3 8
17 19 5
19 22 2
5 8 8
22 2 2
5 8 8
18 21 8
6 9 9
0 3 3
10 12 3
2 7 5
23 4 3
7 11 6
21 1 4
17 18 9
10 13 10
5 8 8
5 8 3
18 22 4
9 13 6
1 4 5
22 2 9
3 7 9
20 23 2
13 16 8
19 22 2
22 0 8
2 5 3
3 7 10
15 17 3
11 14 8
17 22 4
17 20 10
23 1 4
4 4 10
5 7 5
10 13 3
16 19 8
2 6 9
6 9 2
18 21 6
18 21 7
22 1 7
0 3 7
1 5 6
4 7 1
8 10 8
7 9 3
7 10 6
19 0 4
4 7 9
9 13 1
15 16 1
23 2 1
13 16 3
10 13 10
15 19 8
11 14 8
16 19 7
0 2 9
2 5 8
9 12 2
5 9 5
20 23 2
10 12 4
18 22 3
14 17 4
6 9 6
17 19 4
13 16 6
5 7 2
18 20 1
3 6 6
9 12 1
12 17 10
4 9 1
5 8 1
16 18 3
16 18 10
15 18 1
23 2 2
13 15 3
13 18 1
11 14 9
23 3 5
22 2 1
14 17 5
10 13 2
19 23 10
23 2 6
18 22 2
11 14 8
4 7 7
17 20 8
2 4 8
7 9 1
11 13 6
20 0 4
23 1 6
7 9 9
20 22 1
2 6 10
0 3 5
2 6 8
6 10 8
14 17 10
18 21 8
7 10 9
14 17 5
19 21 6
5 7 8
4 7 10
23 4 8
20 23 3
9 13 6
16 19 10
9 11 5
15 18 4
4 7 9
10 14 7
2 5 2
2 5 5
10 13 8
7 9 9
11 13 10
10 12 7
0 3 10
0 2 6
23 1 4
11 14 4
6 9 9
9 13 9
4 7 5
2 5 7
11 14 4
0 1 2
11 14 2
23 0 2
6 8 5
2 4 5
14 15 8
15 17 7
4 8 1
8 12 4
13 16 9
6 9 2
3 8 8
9 11 9
8 12 2
8 11 7
6 9 5
16 18 9
13 15 6
6 7 3
2 6 4
4 7 7
3 3 4
10 14 7
20 21 1
12 14 8
23 2 7
4 7 2
15 19 2
16 19 7
0 3 2
20 23 5
20 23 3
19 22 8
1 4 3
2 4 6
20 1 6
13 18 3
21 0 5
6 9 9
0 2 6
10 15 5
8 9 3
20 23 2
18 22 1
22 0 5
21 1 8
6 10 9
2 5 3
4 8 1
1 5 1
8 10 6
2 6 9
4 7 9
15 19 7
13 14 6
19 21 4
15 18 8
5 9 9
21 23 4
0 4 9
2 7 4
11 14 5
8 11 9
7 10 5
9 12 10
14 16 7
1 2 3
16 20 10
1 4 6
21 0 1
10 12 1
6 9 6
1 4 7
20 0 2
9 10 6
17 21 5
7 10 1
15 19 10
14 18 2
20 23 2
5 7 7
23 2 3
10 13 9
19 21 7
6 10 7
6 10 1
17 21 3
13 16 1
21 0 3
8 10 6
10 12 10
3 7 8
1 4 6
13 16 9
16 19 4
13 16 6
1 3 2
20 0 2
18 20 2
8 12 9
12 16 5
12 16 2
4 6 3
4 6 8
2 5 8
13 16 4
18 20 7
19 21 1
16 19 7
13 15 6
12 15 8
16 19 2
2 5 9
5 8 1
16 20 4
11 14 4
17 19 8
3 4 7
18 21 1
20 22 3
9 12 5
20 23 4
4 7 5
4 7 8
9 12 9
9 12 7
14 16 3
14 16 4
18 21 9
21 22 4
21 23 9
6 9 7
13 17 7
14 16 4
15 20 7
22 2 9
14 18 1
2 5 10
21 0 2
17 20 3
15 18 8
18 20 3
5 11 9
0 2 9
22 1 7
10 13 3
6 10 9
3 6 1
6 7 2
19 22 2
3 5 1
11 16 8
10 13 6
21 0 3
7 11 1
2 5 2
11 12 4
2 4 6
11 14 5
17 23 5
6 9 9
6 8 3
17 21 9
16 19 1
16 18 5
23 3 10
18 20 5
3 8 9
8 9 2
7 7 3
2 5 2
5 8 6
8 12 10
13 17 4
4 6 1
22 1 7
14 18 3
0 2 3
9 12 10
11 15 8
13 15 9
21 1 5
16 22 2
3 6 9
23 3 5
21 23 2
21 23 4
9 11 3
8 10 3
0 2 2
13 17 7
19 22 9
21 0 3
9 12 6
12 16 4
21 23 4
7 9 8
13 16 2
12 15 3
17 19 9
12 14 4
12 15 5
3 7 3
7 10 9
23 3 2
3 7 5
3 5 5
14 18 5
1 4 1
20 23 3
12 16 4
21 23 4
0 3 10
4 7 3
8 11 9
14 17 9
9 13 9
21 22 1
5 6 5
22 1 10
20 23 1
21 2 6
21 23 5
14 18 3
8 11 8
9 12 3
7 9 3
23 3 8
2 5 10
15 18 6
0 4 4
15 18 5
3 7 4
16 19 7
23 4 5
16 20 1
19 23 9
9 12 1
5 9 8
22 0 2
3 4 9
8 11 8
2 6 5
16 19 8
14 17 6
5 7 5
6 7 3
20 0 8
22 0 10
15 18 4
8 10 3
22 0 1
15 18 5
13 16 3
23 2 6
12 14 1
1 4 1
4 7 8
6 9 8
12 15 2
4 7 6
15 19 4
17 20 3
17 20 9
5 8 8
14 17 4
5 8 6
1 5 10
6 9 4
2 5 10
13 16 5
5 10 6
8 11 3
1 4 6
7 10 3
4 8 7
17 20 1
0 4 2
14 17 6
14 18 4
5 9 9
8 12 2
14 17 8
1 4 8
17 20 6
9 11 1
14 16 8
10 14 6
16 19 10
14 18 7
5 8 8
15 19 2
3 8 7
7 8 8
14 18 4
20 0 8
22 23 5
9 12 2
11 14 9
16 20 5
2 6 5
14 16 6
17 20 10
14 17 6
4 6 9
22 0 1
11 16 1
18 21 8
4 7 6
9 12 5
0 4 5
19 21 4
7 9 10
15 19 7
0 2 1
18 23 1
17 21 1
3 6 7
15 18 1
20 0 4
18 21 10
6 9 3
20 23 2
23 2 4
23 2 9
21 1 10
0 3 6
1 4 4
16 20 3
12 15 6
12 13 1
16 20 9
18 22 7
23 2 7
4 9 4
17 20 6
13 16 10
16 19 7
5 8 10
9 13 4
4 8 5
12 15 4
19 20 2
2 5 3
1 4 6
21 0 2
8 13 4
5 8 8
22 2 3
22 2 7
7 11 10
17 19 1
6 10 5
12 15 1
0 2 2
1 2 10
2 6 9
3 6 10
17 21 1
10 13 8
12 14 8
5 8 3
23 3 10
12 13 9
3 4 6
19 22 9
16 19 4
7 9 10
18 21 6
12 15 10
9 13 8
16 18 2
7 12 6
17 19 6
11 13 10
12 14 8
23 2 6
2 5 2
19 23 9
22 0 10
3 8 6
11 14 3
20 0 9
12 15 5
7 12 3
1 4 9
6 8 5
13 18 8
3 7 7
5 7 4
2 6 1
21 2 3
9 11 10
2 4 3
4 5 8
6 9 10
10 12 7
20 0 9
18 20 10
9 13 4
1 4 7
4 6 7
8 12 8
18 21 4
5 8 7
10 11 5
1 3 2
8 11 1
23 1 1
7 9 3
10 13 10
2 5 2
5 8 9
22 2 6
10 12 3
7 10 5
8 11 10
20 23 6
13 17 2
14 16 4
22 0 1
14 18 7
16 19 3
2 4 1
9 12 6
19 0 5
11 15 2
18 21 2
4 8 6
7 12 4
18 21 4
