100 10
7 3 8 1 7 8 3 10 4 7 
20 23 8
9 12 9
9 10 4
23 1 10
18 23 3
17 19 3
10 13 9
18 22 2
23 1 6
9 12 8
20 1 4
7 11 4
13 16 5
19 22 10
22 1 5
3 5 9
16 20 4
9 12 8
9 12 7
4 7 9
19 21 4
13 17 9
21 23 3
23 2 9
7 11 8
5 8 8
7 9 5
0 3 9
17 20 7
3 6 10
3 5 8
16 20 6
9 12 5
18 22 1
16 17 9
23 2 5
22 2 3
17 19 3
19 23 8
20 0 9
9 11 5
23 2 2
12 15 9
6 9 3
15 18 7
8 11 10
15 19 2
22 1 1
20 23 8
7 11 3
15 18 5
19 22 8
13 17 7
5 8 1
3 7 5
2 6 4
11 14 1
20 0 3
16 20 8
2 5 6
3 5 5
0 4 8
22 2 9
12 14 4
18 21 2
11 16 9
2 5 2
7 9 8
6 7 6
0 1 7
13 17 10
16 19 8
0 2 8
14 16 5
10 13 10
18 19 1
9 11 8
11 13 4
12 14 10
23 0 5
13 14 8
15 18 9
10 13 9
14 18 2
18 20 3
7 12 2
10 13 3
10 12 4
23 3 6
6 10 3
5 7 9
4 8 4
21 1 8
11 15 8
4 7 4
0 4 10
19 21 7
5 8 9
6 8 4
8 10 7
