100 15
0 19 31 8 32 30 34 25 38 32 35 35 13 29 24 28 23 17 23 4 10 24 9 18 38 32 20 15 7 7 1 6 39 40 13 23 32 24 35 33 5 38 5 7 31 5 14 14 27 28 32 8 14 27 24 18 5 30 2 6 26 27 35 40 26 19 1 31 24 24 31 7 17 26 8 33 10 33 39 34 22 38 32 3 39 7 34 33 14 34 31 16 29 12 35 2 32 33 24 24 
19 0 26 37 29 30 39 34 11 25 11 11 23 29 37 10 3 19 9 10 37 21 33 24 4 28 8 39 35 33 4 7 35 14 33 10 31 24 7 20 25 4 25 39 22 36 14 30 15 1 5 32 8 13 23 35 36 15 37 39 29 29 3 9 11 1 18 40 34 29 3 30 21 15 28 27 19 27 36 40 38 17 30 8 35 36 24 13 23 11 31 30 27 6 19 39 5 24 25 35 
31 26 0 31 5 23 2 37 4 10 38 30 29 40 21 9 22 20 28 20 31 5 16 9 6 4 38 21 8 20 18 24 2 15 13 15 4 12 11 17 21 40 16 7 24 18 23 38 30 9 30 7 12 14 12 36 26 33 9 14 13 20 29 23 13 39 12 4 30 37 33 40 37 36 20 30 10 39 8 23 2 23 18 34 26 22 18 33 6 15 3 40 15 17 3 20 31 38 13 1 
8 37 31 0 36 29 23 33 19 3 31 12 3 13 33 5 23 31 11 16 36 6 37 30 3 37 14 12 34 15 6 36 30 40 16 12 28 36 31 1 38 7 29 27 32 31 9 8 10 22 14 20 16 17 30 26 15 1 14 14 5 9 31 35 32 12 38 28 2 38 18 13 22 33 17 2 23 23 7 33 36 8 3 36 3 34 31 22 15 18 33 4 30 8 22 5 34 40 18 7 
32 29 5 36 0 34 14 18 9 22 16 31 26 6 4 25 7 17 19 27 1 15 38 34 6 34 15 2 25 29 12 12 7 3 34 25 4 19 15 40 28 26 36 9 29 8 4 38 29 38 19 37 38 33 2 10 30 40 5 14 23 37 33 5 34 10 40 17 35 13 3 7 28 8 8 19 12 38 40 27 22 11 15 2 15 21 19 37 35 10 11 1 13 3 13 19 22 30 33 37 
30 30 23 29 34 0 38 3 20 6 1 39 20 32 31 40 3 4 14 8 6 28 31 35 11 9 31 14 15 39 20 35 36 15 9 6 8 16 15 29 8 19 25 20 28 4 12 11 24 34 40 8 29 18 29 23 5 15 18 16 26 27 34 40 29 23 36 24 23 23 35 28 9 23 11 1 33 37 23 28 2 25 1 38 12 9 20 33 26 37 23 15 19 5 36 9 33 5 31 23 
34 39 2 23 14 38 0 29 14 6 17 6 12 19 2 9 38 31 27 9 30 22 16 32 4 12 38 9 4 33 3 32 19 4 18 35 11 12 26 30 38 1 19 8 2 20 34 4 35 16 8 29 7 8 8 5 20 23 7 18 11 34 13 11 22 28 38 4 40 2 21 7 38 29 22 23 29 7 32 2 19 27 27 12 32 11 18 14 35 22 8 7 36 38 35 13 18 37 39 14 
25 34 37 33 18 3 29 0 13 11 20 16 25 28 7 12 21 2 38 5 28 27 36 12 32 1 6 2 16 10 33 23 24 4 29 4 13 8 20 8 19 19 2 21 1 25 38 10 1 39 34 19 4 9 3 26 30 33 25 37 16 35 6 12 39 38 26 15 18 32 34 16 25 34 33 35 32 24 29 1 15 30 39 2 26 9 32 20 30 8 39 20 39 17 30 22 38 2 32 25 
38 11 4 19 9 20 14 13 0 9 39 1 6 34 37 24 32 35 10 6 7 21 11 20 21 29 36 19 32 24 13 28 2 1 38 10 2 7 30 37 24 22 18 13 24 37 12 30 24 16 17 3 35 27 30 20 35 3 26 36 35 35 22 11 10 19 17 40 36 39 18 12 14 17 2 17 2 3 3 33 7 6 38 23 27 28 25 19 32 36 33 35 7 40 39 38 11 9 4 8 
32 25 10 3 22 6 6 11 9 0 32 15 27 29 37 34 17 32 38 10 2 36 11 22 25 14 28 38 26 19 10 29 27 1 5 27 24 9 4 21 11 17 20 1 18 21 15 2 20 40 18 22 9 10 9 26 19 25 34 31 36 33 33 9 25 27 10 29 17 13 39 22 21 30 27 13 34 9 4 13 36 20 37 30 31 35 19 34 6 38 12 8 6 30 19 26 13 3 18 1 
35 11 38 31 16 1 17 20 39 32 0 18 36 33 33 4 31 31 36 37 24 12 11 21 13 2 22 6 36 25 9 34 30 9 7 33 19 36 6 36 12 6 9 16 7 25 33 39 22 29 3 38 25 21 39 30 22 14 34 20 22 33 16 28 28 21 3 25 30 7 34 20 5 7 27 39 37 2 7 7 36 28 29 39 29 31 11 34 30 4 28 24 20 29 12 35 1 9 39 31 
35 11 30 12 31 39 6 16 1 15 18 0 19 4 21 20 30 33 5 13 16 25 22 15 10 18 14 12 12 40 40 6 35 10 7 1 28 12 2 9 17 19 5 35 12 9 5 37 31 24 30 27 32 7 35 40 22 39 15 25 12 4 8 5 10 10 22 17 5 19 19 6 37 11 7 32 10 39 8 20 40 32 26 28 9 17 12 18 21 35 4 25 37 14 10 35 24 17 15 38 
13 23 29 3 26 20 12 25 6 27 36 19 0 33 17 24 1 14 10 27 25 27 23 3 35 35 29 14 22 34 17 8 25 23 38 17 38 39 5 8 26 39 11 39 16 31 26 27 1 32 14 33 23 25 13 22 38 34 29 39 8 4 36 13 11 20 7 16 3 6 25 27 39 35 12 20 38 27 40 33 39 10 29 29 4 13 33 32 29 16 28 34 32 20 40 39 8 18 11 37 
29 29 40 13 6 32 19 28 34 29 33 4 33 0 27 7 24 38 5 3 27 29 1 5 26 10 31 22 21 31 13 4 4 3 14 13 20 30 11 23 28 30 27 21 39 22 40 5 32 27 1 30 1 34 34 5 24 20 5 30 29 35 11 9 36 21 22 22 18 24 32 29 4 36 14 23 23 15 31 21 40 35 20 32 35 16 6 25 38 15 37 22 39 28 20 28 22 38 29 39 
24 37 21 33 4 31 2 7 37 37 33 21 17 27 0 27 13 19 38 10 11 30 30 20 8 14 7 34 18 6 3 32 26 10 20 37 14 24 16 36 33 27 14 25 24 7 22 9 35 29 5 9 30 17 29 14 2 38 23 12 37 26 37 13 7 20 4 12 15 16 25 18 5 30 25 37 4 39 26 34 39 27 26 12 22 6 4 28 22 3 26 35 36 32 9 18 17 38 16 14 
28 10 9 5 25 40 9 12 24 34 4 20 24 7 27 0 29 20 27 28 10 26 31 39 8 34 12 18 19 31 9 7 33 4 5 12 34 20 37 21 20 32 40 9 39 7 25 32 16 22 17 8 6 24 29 21 10 19 38 35 18 3 24 26 10 16 35 10 3 28 18 7 32 34 6 15 4 33 30 14 38 36 1 9 8 36 15 38 7 7 21 1 15 22 21 7 5 32 34 27 
23 3 22 23 7 3 38 21 32 17 31 30 1 24 13 29 0 19 16 20 17 16 12 10 33 35 25 32 21 18 26 7 30 8 13 33 24 27 37 21 36 18 27 16 15 7 33 1 10 15 37 39 35 4 4 9 17 19 10 21 9 12 6 29 27 5 17 15 24 29 2 32 11 17 5 10 5 2 12 13 31 5 1 21 23 38 40 1 2 21 30 9 8 20 2 16 20 4 29 11 
17 19 20 31 17 4 31 2 35 32 31 33 14 38 19 20 19 0 35 35 25 2 35 16 36 1 8 12 25 12 18 39 12 25 12 23 8 6 15 7 36 15 26 39 17 21 10 11 19 1 15 16 27 10 4 9 14 40 25 25 26 39 40 14 15 13 11 38 27 28 40 31 22 24 37 27 28 40 7 5 36 16 39 31 36 35 12 38 35 4 28 1 38 1 14 11 22 9 1 3 
23 9 28 11 19 14 27 38 10 38 36 5 10 5 38 27 16 35 0 2 2 8 8 21 7 36 33 22 21 5 2 8 29 26 16 31 12 20 36 34 7 26 26 39 37 37 19 9 6 3 20 3 6 13 8 28 9 34 1 35 38 11 32 23 27 18 20 31 13 16 37 37 26 5 35 16 17 12 7 30 33 39 22 4 27 7 19 10 14 29 4 7 9 3 33 9 29 32 35 17 
4 10 20 16 27 8 9 5 6 10 37 13 27 3 10 28 20 35 2 0 34 2 24 32 38 3 25 28 1 18 22 12 37 15 16 33 27 18 7 11 25 20 1 7 1 2 9 27 17 37 28 8 3 21 31 5 38 28 39 8 29 7 14 39 39 37 27 38 5 38 2 10 24 10 29 25 18 8 15 5 34 2 6 18 34 1 5 10 34 17 9 21 13 37 39 24 10 35 18 21 
10 37 31 36 1 6 30 28 7 2 24 16 25 27 11 10 17 25 2 34 0 7 33 9 36 10 2 3 33 28 29 3 3 25 36 3 17 33 34 30 13 31 3 18 2 38 33 5 19 13 19 32 16 34 34 40 28 29 20 25 37 18 28 32 1 14 25 3 26 37 26 5 32 19 5 11 10 12 5 2 6 18 14 21 12 10 18 30 11 2 13 19 9 14 30 27 25 27 34 4 
24 21 5 6 15 28 22 27 21 36 12 25 27 29 30 26 16 2 8 2 7 0 34 37 37 23 9 38 14 29 5 22 22 40 17 11 4 27 10 22 1 1 1 15 14 5 10 12 10 23 3 5 3 39 12 18 29 23 23 8 1 1 25 16 21 26 21 3 13 6 20 34 40 39 38 13 31 20 22 1 36 31 23 14 8 7 25 27 5 5 14 15 14 27 6 34 15 3 10 6 
9 33 16 37 38 31 16 36 11 11 11 22 23 1 30 31 12 35 8 24 33 34 0 34 31 18 3 39 17 32 13 25 25 24 37 23 2 8 40 33 22 20 4 24 40 21 30 4 18 30 22 20 14 2 27 34 34 27 3 19 9 23 12 30 6 38 3 17 22 34 9 24 27 25 5 15 21 32 32 40 4 24 10 24 13 16 15 20 11 11 22 16 32 38 35 17 36 17 23 29 
18 24 9 30 34 35 32 12 20 22 21 15 3 5 20 39 10 16 21 32 9 37 34 0 37 1 37 20 1 15 21 15 36 13 16 28 38 19 29 1 21 16 12 34 1 16 28 13 33 21 11 38 33 18 32 1 23 18 36 31 34 15 24 20 37 17 29 31 24 37 28 2 14 3 8 27 38 30 6 3 3 25 31 10 18 10 35 16 21 7 23 12 28 21 20 10 11 6 1 34 
38 4 6 3 6 11 4 32 21 25 13 10 35 26 8 8 33 36 7 38 36 37 31 37 0 32 23 24 4 14 40 3 28 2 1 20 34 7 35 10 28 23 27 12 20 29 38 40 29 20 19 12 20 23 26 9 7 3 17 6 11 7 1 2 26 3 35 22 14 23 30 34 5 32 1 7 36 19 30 30 8 40 23 33 38 21 15 4 22 20 9 17 29 13 29 34 38 2 40 13 
32 28 4 37 34 9 12 1 29 14 2 18 35 10 14 34 35 1 36 3 10 23 18 1 32 0 31 30 36 39 7 39 30 35 23 37 9 19 37 33 24 27 21 11 13 32 20 24 28 1 38 38 22 36 34 39 24 13 23 17 34 29 21 14 3 4 4 10 8 15 3 34 35 39 1 8 24 31 20 3 30 23 11 4 23 8 18 11 10 5 34 9 29 15 31 4 26 29 1 28 
20 8 38 14 15 31 38 6 36 28 22 14 29 31 7 12 25 8 33 25 2 9 3 37 23 31 0 6 40 21 33 7 35 5 5 22 17 23 28 40 29 22 36 6 28 12 11 28 13 23 28 14 1 23 28 7 5 3 9 17 6 10 22 19 40 2 31 28 5 21 39 18 21 9 5 40 16 9 32 17 9 20 24 40 7 4 7 17 34 20 13 13 2 32 13 17 36 29 24 37 
15 39 21 12 2 14 9 2 19 38 6 12 14 22 34 18 32 12 22 28 3 38 39 20 24 30 6 0 23 16 39 2 33 4 6 15 27 10 25 39 5 38 22 35 40 5 18 32 16 17 30 17 26 27 40 36 17 31 26 2 5 8 5 13 8 14 33 32 9 6 6 13 34 24 21 14 12 39 40 40 6 39 35 40 13 4 33 21 28 17 7 5 38 39 14 31 16 15 9 39 
7 35 8 34 25 15 4 16 32 26 36 12 22 21 18 19 21 25 21 1 33 14 17 1 4 36 40 23 0 9 21 14 16 22 22 36 8 23 5 29 12 17 38 4 33 18 39 19 19 6 24 6 3 26 17 1 9 20 2 14 27 7 10 5 17 24 40 13 26 7 4 12 37 20 11 25 26 38 31 12 39 20 37 37 9 15 35 11 22 9 5 39 38 6 37 9 29 3 17 19 
7 33 20 15 29 39 33 10 24 19 25 40 34 31 6 31 18 12 5 18 28 29 32 15 14 39 21 16 9 0 7 24 11 20 38 28 11 38 38 26 15 12 10 36 15 29 12 9 27 2 37 8 17 14 23 28 39 14 7 9 23 26 17 28 26 26 22 16 19 14 16 40 15 37 36 18 36 36 6 16 21 19 11 34 26 40 19 8 13 19 12 27 28 11 23 12 34 33 39 19 
1 4 18 6 12 20 3 33 13 10 9 40 17 13 3 9 26 18 2 22 29 5 13 21 40 7 33 39 21 7 0 40 2 29 16 33 13 16 28 26 34 15 12 31 20 20 35 31 24 25 10 8 26 10 28 26 26 12 31 40 35 13 38 11 16 1 3 38 6 24 30 39 20 7 20 2 28 40 25 2 23 27 15 1 34 3 16 31 26 39 29 4 5 3 35 14 35 30 5 19 
6 7 24 36 12 35 32 23 28 29 34 6 8 4 32 7 7 39 8 12 3 22 25 15 3 39 7 2 14 24 40 0 10 33 32 38 25 23 27 9 37 32 39 17 13 30 32 13 5 12 7 20 35 16 30 10 30 10 39 10 25 34 22 25 26 38 3 1 28 10 4 8 34 27 26 9 30 15 36 15 39 10 23 5 7 17 11 8 4 22 4 34 33 33 7 31 4 8 25 14 
39 35 2 30 7 36 19 24 2 27 30 35 25 4 26 33 30 12 29 37 3 22 25 36 28 30 35 33 16 11 2 10 0 12 35 23 17 9 18 13 18 16 2 39 29 20 14 1 33 12 21 21 8 30 20 7 38 38 3 13 26 24 31 19 6 14 18 24 28 4 11 9 5 19 7 1 35 16 11 39 39 32 13 36 21 2 22 8 38 15 9 40 9 6 33 40 37 20 10 18 
40 14 15 40 3 15 4 4 1 1 9 10 23 3 10 4 8 25 26 15 25 40 24 13 2 35 5 4 22 20 29 33 12 0 17 8 10 3 8 26 13 6 28 22 40 4 3 7 32 16 38 14 12 20 14 27 26 7 23 10 14 4 19 13 4 37 11 6 8 7 32 21 13 35 12 1 4 27 6 19 5 2 5 24 10 33 7 30 4 29 20 10 6 28 16 37 20 38 39 39 
13 33 13 16 34 9 18 29 38 5 7 7 38 14 20 5 13 12 16 16 36 17 37 16 1 23 5 6 22 38 16 32 35 17 0 14 1 25 22 13 6 35 35 22 28 39 26 19 29 23 15 11 3 25 13 29 39 6 10 23 29 15 33 5 5 7 40 39 32 17 24 7 2 27 40 22 22 27 9 16 34 12 24 8 4 28 30 29 14 11 8 13 6 27 36 29 15 11 14 35 
23 10 15 12 25 6 35 4 10 27 33 1 17 13 37 12 33 23 31 33 3 11 23 28 20 37 22 15 36 28 33 38 23 8 14 0 9 6 18 15 37 25 37 20 18 11 16 30 2 23 9 40 26 31 30 36 35 28 7 11 34 22 14 24 33 23 5 28 30 18 40 38 18 20 20 31 19 21 32 40 9 32 2 17 30 10 22 23 17 17 19 20 37 6 13 5 38 11 24 8 
32 31 4 28 4 8 11 13 2 24 19 28 38 20 14 34 24 8 12 27 17 4 2 38 34 9 17 27 8 11 13 25 17 10 1 9 0 13 2 36 38 38 16 16 19 40 8 40 29 24 25 15 32 7 36 23 25 33 2 3 32 14 11 22 25 8 40 7 39 36 10 9 6 25 33 31 5 3 19 40 32 32 12 24 4 28 10 26 26 14 26 20 25 17 28 20 27 32 40 14 
24 24 12 36 19 16 12 8 7 9 36 12 39 30 24 20 27 6 20 18 33 27 8 19 7 19 23 10 23 38 16 23 9 3 25 6 13 0 13 13 20 10 22 29 22 35 14 26 10 12 1 22 39 23 30 12 34 34 1 21 11 21 14 40 17 33 29 25 12 15 18 40 5 10 32 10 18 30 11 17 32 33 18 13 8 15 36 11 25 38 11 32 35 17 25 5 20 4 36 26 
35 7 11 31 15 15 26 20 30 4 6 2 5 11 16 37 37 15 36 7 34 10 40 29 35 37 28 25 5 38 28 27 18 8 22 18 2 13 0 32 2 36 9 27 12 3 22 2 27 6 23 19 32 29 40 2 29 17 1 39 26 23 13 21 15 15 38 30 26 3 8 6 32 9 28 37 2 9 22 2 20 32 31 33 4 30 10 12 29 10 33 31 10 14 2 5 38 25 24 31 
33 20 17 1 40 29 30 8 37 21 36 9 8 23 36 21 21 7 34 11 30 22 33 1 10 33 40 39 29 26 26 9 13 26 13 15 36 13 32 0 14 31 7 27 31 7 11 7 31 28 16 11 38 36 10 10 13 19 31 16 27 13 26 37 40 16 35 14 28 27 22 37 26 8 21 23 16 38 34 24 9 20 20 25 26 6 35 11 31 14 4 18 35 19 25 24 30 15 24 36 
5 25 21 38 28 8 38 19 24 11 12 17 26 28 33 20 36 36 7 25 13 1 22 21 28 24 29 5 12 15 34 37 18 13 6 37 38 20 2 14 0 14 23 22 16 15 37 39 34 4 36 23 7 24 22 33 10 9 40 19 21 37 1 33 17 30 22 21 18 36 9 34 37 2 21 14 40 14 2 25 34 31 4 15 17 37 27 23 17 15 20 13 13 4 26 12 8 32 9 40 
38 4 40 7 26 19 1 19 22 17 6 19 39 30 27 32 18 15 26 20 31 1 20 16 23 27 22 38 17 12 15 32 16 6 35 25 38 10 36 31 14 0 20 9 16 2 11 17 6 22 11 18 9 14 8 25 18 22 22 13 17 18 1 6 13 27 40 3 22 16 14 33 30 19 36 6 4 32 30 6 3 24 9 8 10 29 11 11 35 12 39 6 14 3 30 19 17 30 14 14 
5 25 16 29 36 25 19 2 18 20 9 5 11 27 14 40 27 26 26 1 3 1 4 12 27 21 36 22 38 10 12 39 2 28 35 37 16 22 9 7 23 20 0 39 36 12 18 38 8 39 32 26 38 15 12 20 37 23 9 31 28 37 12 30 28 36 37 31 16 11 40 30 21 24 15 40 1 33 14 27 24 10 23 25 4 36 27 1 20 17 26 5 30 6 30 30 11 23 4 14 
7 39 7 27 9 20 8 21 13 1 16 35 39 21 25 9 16 39 39 7 18 15 24 34 12 11 6 35 4 36 31 17 39 22 22 20 16 29 27 27 22 9 39 0 4 10 15 8 19 16 17 2 24 18 24 15 22 8 36 35 22 24 21 37 32 17 19 17 40 32 26 5 22 7 15 11 27 32 9 12 36 1 13 12 27 6 1 15 30 18 26 13 31 7 10 2 5 33 28 20 
31 22 24 32 29 28 2 1 24 18 7 12 16 39 24 39 15 17 37 1 2 14 40 1 20 13 28 40 33 15 20 13 29 40 28 18 19 22 12 31 16 16 36 4 0 15 21 37 29 20 39 9 25 14 21 1 3 18 12 29 24 28 4 2 28 28 22 8 16 39 19 22 31 12 6 5 17 14 33 25 39 33 31 17 38 20 30 32 24 31 8 36 33 3 1 2 10 2 5 40 
5 36 18 31 8 4 20 25 37 21 25 9 31 22 7 7 7 21 37 2 38 5 21 16 29 32 12 5 18 29 20 30 20 4 39 11 40 35 3 7 15 2 12 10 15 0 35 19 32 19 24 31 13 16 17 8 35 21 26 17 32 10 25 40 14 8 4 10 3 37 25 36 23 26 20 23 31 39 6 32 40 33 26 3 32 37 3 31 29 14 9 32 20 30 33 30 1 39 9 6 
14 14 23 9 4 12 34 38 12 15 33 5 26 40 22 25 33 10 19 9 33 10 30 28 38 20 11 18 39 12 35 32 14 3 26 16 8 14 22 11 37 11 18 15 21 35 0 29 5 7 14 33 24 1 35 15 20 10 6 1 30 8 24 24 14 7 19 11 16 8 35 15 16 1 3 15 20 15 1 17 36 25 13 24 14 18 31 20 7 29 21 21 33 32 26 25 5 31 4 30 
14 30 38 8 38 11 4 10 30 2 39 37 27 5 9 32 1 11 9 27 5 12 4 13 40 24 28 32 19 9 31 13 1 7 19 30 40 26 2 7 39 17 38 8 37 19 29 0 34 12 22 33 37 21 24 11 29 28 8 33 28 34 31 5 13 12 30 19 6 33 13 29 32 37 40 11 32 3 28 36 22 26 11 36 16 35 30 28 36 14 20 22 3 33 8 32 23 11 40 33 
27 15 30 10 29 24 35 1 24 20 22 31 1 32 35 16 10 19 6 17 19 10 18 33 29 28 13 16 19 27 24 5 33 32 29 2 29 10 27 31 34 6 8 19 29 32 5 34 0 18 24 22 10 31 25 23 33 9 10 3 13 18 2 34 4 5 6 12 13 17 2 19 16 34 15 32 18 35 14 28 7 29 24 9 33 36 28 24 33 10 22 6 34 38 7 23 23 5 23 23 
28 1 9 22 38 34 16 39 16 40 29 24 32 27 29 22 15 1 3 37 13 23 30 21 20 1 23 17 6 2 25 12 12 16 23 23 24 12 6 28 4 22 39 16 20 19 7 12 18 0 5 7 36 26 39 27 13 24 19 26 4 22 38 12 4 34 14 21 39 7 22 25 21 36 25 35 26 14 18 16 3 29 12 17 34 35 23 3 14 25 14 27 2 24 20 19 6 14 17 35 
32 5 30 14 19 40 8 34 17 18 3 30 14 1 5 17 37 15 20 28 19 3 22 11 19 38 28 30 24 37 10 7 21 38 15 9 25 1 23 16 36 11 32 17 39 24 14 22 24 5 0 10 22 33 18 20 16 27 38 24 2 22 28 3 32 23 7 33 28 36 24 22 18 20 27 28 13 25 29 33 4 17 5 29 36 31 40 27 21 9 5 34 9 5 19 31 31 22 31 28 
8 32 7 20 37 8 29 19 3 22 38 27 33 30 9 8 39 16 3 8 32 5 20 38 12 38 14 17 6 8 8 20 21 14 11 40 15 22 19 11 23 18 26 2 9 31 33 33 22 7 10 0 28 21 30 40 18 34 40 9 11 18 28 13 10 22 39 27 22 19 27 16 31 32 1 39 30 6 19 9 26 19 22 16 2 7 21 15 11 21 3 40 17 1 35 14 27 5 24 13 
14 8 12 16 38 29 7 4 35 9 25 32 23 1 30 6 35 27 6 3 16 3 14 33 20 22 1 26 3 17 26 35 8 12 3 26 32 39 32 38 7 9 38 24 25 13 24 37 10 36 22 28 0 4 40 19 20 15 2 9 40 6 14 39 7 19 4 22 39 7 2 29 5 30 18 12 40 1 27 38 24 4 21 32 25 4 16 29 31 40 5 22 2 19 32 20 26 2 28 36 
27 13 14 17 33 18 8 9 27 10 21 7 25 34 17 24 4 10 13 21 34 39 2 18 23 36 23 27 26 14 10 16 30 20 25 31 7 23 29 36 24 14 15 18 14 16 1 21 31 26 33 21 4 0 2 31 12 33 8 5 14 23 3 20 4 40 18 25 4 15 33 31 18 14 20 22 3 33 27 10 32 38 33 8 29 5 21 35 9 21 9 26 4 24 6 2 16 2 36 16 
24 23 12 30 2 29 8 3 30 9 39 35 13 34 29 29 4 4 8 31 34 12 27 32 26 34 28 40 17 23 28 30 20 14 13 30 36 30 40 10 22 8 12 24 21 17 35 24 25 39 18 30 40 2 0 38 32 10 20 25 31 15 38 38 21 33 21 13 34 27 34 7 22 8 33 34 27 27 1 40 32 24 19 25 23 40 20 15 32 7 11 35 35 23 7 25 29 35 31 12 
18 35 36 26 10 23 5 26 20 26 30 40 22 5 14 21 9 9 28 5 40 18 34 1 9 39 7 36 1 28 26 10 7 27 29 36 23 12 2 10 33 25 20 15 1 8 15 11 23 27 20 40 19 31 38 0 8 22 23 40 36 18 30 2 28 21 16 39 7 11 7 33 19 4 20 40 20 30 2 24 6 40 12 25 36 22 34 15 4 11 35 6 36 27 30 25 4 21 26 37 
5 36 26 15 30 5 20 30 35 19 22 22 38 24 2 10 17 14 9 38 28 29 34 23 7 24 5 17 9 39 26 30 38 26 39 35 25 34 29 13 10 18 37 22 3 35 20 29 33 13 16 18 20 12 32 8 0 14 25 11 38 7 13 22 13 9 11 38 19 27 21 21 13 38 33 4 23 16 18 35 36 14 21 29 11 27 17 31 21 15 16 8 28 4 37 2 25 13 25 6 
30 15 33 1 40 15 23 33 3 25 14 39 34 20 38 19 19 40 34 28 29 23 27 18 3 13 3 31 20 14 12 10 38 7 6 28 33 34 17 19 9 22 23 8 18 21 10 28 9 24 27 34 15 33 10 22 14 0 6 19 30 24 33 7 1 25 5 19 14 28 21 5 26 36 28 22 2 11 16 22 18 12 31 30 2 15 19 16 40 7 1 32 6 23 24 25 34 4 25 37 
2 37 9 14 5 18 7 25 26 34 34 15 29 5 23 38 10 25 1 39 20 23 3 36 17 23 9 26 2 7 31 39 3 23 10 7 2 1 1 31 40 22 9 36 12 26 6 8 10 19 38 40 2 8 20 23 25 6 0 17 16 21 17 14 36 3 13 13 10 35 5 20 35 23 31 40 1 27 40 21 28 19 26 34 4 9 30 27 15 30 3 1 11 28 33 12 26 27 32 40 
6 39 14 14 14 16 18 37 36 31 20 25 39 30 12 35 21 25 35 8 25 8 19 31 6 17 17 2 14 9 40 10 13 10 23 11 3 21 39 16 19 13 31 35 29 17 1 33 3 26 24 9 9 5 25 40 11 19 17 0 38 39 31 9 24 27 19 12 2 9 31 21 25 28 28 14 29 15 34 5 24 17 2 29 17 16 20 15 39 28 23 34 25 20 30 35 6 40 35 9 
26 29 13 5 23 26 11 16 35 36 22 12 8 29 37 18 9 26 38 29 37 1 9 34 11 34 6 5 27 23 35 25 26 14 29 34 32 11 26 27 21 17 28 22 24 32 30 28 13 4 2 11 40 14 31 36 38 30 16 38 0 36 2 19 26 38 29 31 38 16 13 27 4 23 16 8 11 10 25 29 12 6 40 13 10 11 15 26 19 17 24 33 3 40 20 39 39 30 17 20 
27 29 20 9 37 27 34 35 35 33 33 4 4 35 26 3 12 39 11 7 18 1 23 15 7 29 10 8 7 26 13 34 24 4 15 22 14 21 23 13 37 18 37 24 28 10 8 34 18 22 22 18 6 23 15 18 7 24 21 39 36 0 34 24 25 9 25 13 37 24 37 23 28 14 19 39 33 5 12 8 31 26 40 40 19 5 36 28 21 18 29 26 13 19 22 5 18 16 16 35 
35 3 29 31 33 34 13 6 22 33 16 8 36 11 37 24 6 40 32 14 28 25 12 24 1 21 22 5 10 17 38 22 31 19 33 14 11 14 13 26 1 1 12 21 4 25 24 31 2 38 28 28 14 3 38 30 13 33 17 31 2 34 0 16 28 24 12 34 25 38 22 28 5 4 30 29 16 35 16 15 4 17 8 18 33 12 2 37 1 2 37 25 33 38 24 2 3 21 22 6 
40 9 23 35 5 40 11 12 11 9 28 5 13 9 13 26 29 14 23 39 32 16 30 20 2 14 19 13 5 28 11 25 19 13 5 24 22 40 21 37 33 6 30 37 2 40 24 5 34 12 3 13 39 20 38 2 22 7 14 9 19 24 16 0 18 15 8 40 15 5 1 27 18 20 39 38 12 17 4 1 5 6 30 29 34 27 13 31 31 22 31 32 18 5 19 15 28 40 32 23 
26 11 13 32 34 29 22 39 10 25 28 10 11 36 7 10 27 15 27 39 1 21 6 37 26 3 40 8 17 26 16 26 6 4 5 33 25 17 15 40 17 13 28 32 28 14 14 13 4 4 32 10 7 4 21 28 13 1 36 24 26 25 28 18 0 15 25 9 4 1 4 31 7 17 19 38 16 18 40 39 9 16 3 32 11 11 3 33 19 16 39 33 22 9 20 12 33 24 8 31 
19 1 39 12 10 23 28 38 19 27 21 10 20 21 20 16 5 13 18 37 14 26 38 17 3 4 2 14 24 26 1 38 14 37 7 23 8 33 15 16 30 27 36 17 28 8 7 12 5 34 23 22 19 40 33 21 9 25 3 27 38 9 24 15 15 0 24 28 7 33 21 12 21 9 40 13 27 27 38 6 40 23 19 26 29 14 12 10 31 23 37 15 15 15 21 18 25 40 17 35 
1 18 12 38 40 36 38 26 17 10 3 22 7 22 4 35 17 11 20 27 25 21 3 29 35 4 31 33 40 22 3 3 18 11 40 5 40 29 38 35 22 40 37 19 22 4 19 30 6 14 7 39 4 18 21 16 11 5 13 19 29 25 12 8 25 24 0 32 28 32 26 24 6 2 22 33 21 11 2 5 34 32 26 28 24 29 26 6 35 16 27 22 21 15 16 21 39 14 16 13 
31 40 4 28 17 24 4 15 40 29 25 17 16 22 12 10 15 38 31 38 3 3 17 31 22 10 28 32 13 16 38 1 24 6 39 28 7 25 30 14 21 3 31 17 8 10 11 19 12 21 33 27 22 25 13 39 38 19 13 12 31 13 34 40 9 28 32 0 32 20 16 24 16 15 9 16 31 19 8 4 22 28 22 14 4 24 11 21 1 35 15 10 20 27 22 13 18 24 32 20 
24 34 30 2 35 23 40 18 36 17 30 5 3 18 15 3 24 27 13 5 26 13 22 24 14 8 5 9 26 19 6 28 28 8 32 30 39 12 26 28 18 22 16 40 16 3 16 6 13 39 28 22 39 4 34 7 19 14 10 2 38 37 25 15 4 7 28 32 0 31 18 12 10 36 24 13 36 21 19 8 6 17 17 20 38 21 11 10 18 20 24 31 33 4 40 37 28 14 9 24 
24 29 37 38 13 23 2 32 39 13 7 19 6 24 16 28 29 28 16 38 37 6 34 37 23 15 21 6 7 14 24 10 4 7 17 18 36 15 3 27 36 16 11 32 39 37 8 33 17 7 36 19 7 15 27 11 27 28 35 9 16 24 38 5 1 33 32 20 31 0 1 16 17 37 24 17 36 40 25 6 19 21 40 23 17 18 8 5 30 34 16 39 8 6 37 40 4 8 26 39 
31 3 33 18 3 35 21 34 18 39 34 19 25 32 25 18 2 40 37 2 26 20 9 28 30 3 39 6 4 16 30 4 11 32 24 40 10 18 8 22 9 14 40 26 19 25 35 13 2 22 24 27 2 33 34 7 21 21 5 31 13 37 22 1 4 21 26 16 18 1 0 33 23 27 13 25 33 6 21 40 34 27 38 27 30 38 8 28 28 35 26 12 30 4 34 30 8 11 10 26 
7 30 40 13 7 28 7 16 12 22 20 6 27 29 18 7 32 31 37 10 5 34 24 2 34 34 18 13 12 40 39 8 9 21 7 38 9 40 6 37 34 33 30 5 22 36 15 29 19 25 22 16 29 31 7 33 21 5 20 21 27 23 28 27 31 12 24 24 12 16 33 0 23 4 20 27 23 2 27 16 35 25 27 26 13 5 6 10 13 4 20 25 2 21 7 13 14 30 1 9 
17 21 37 22 28 9 38 25 14 21 5 37 39 4 5 32 11 22 26 24 32 40 27 14 5 35 21 34 37 15 20 34 5 13 2 18 6 5 32 26 37 30 21 22 31 23 16 32 16 21 18 31 5 18 22 19 13 26 35 25 4 28 5 18 7 21 6 16 10 17 23 23 0 5 40 5 32 32 32 9 29 13 36 36 1 28 16 20 30 17 27 13 29 35 31 37 19 13 15 12 
26 15 36 33 8 23 29 34 17 30 7 11 35 36 30 34 17 24 5 10 19 39 25 3 32 39 9 24 20 37 7 27 19 35 27 20 25 10 9 8 2 19 24 7 12 26 1 37 34 36 20 32 30 14 8 4 38 36 23 28 23 14 4 20 17 9 2 15 36 37 27 4 5 0 35 32 17 7 14 25 35 39 3 33 17 4 34 33 7 33 17 22 32 24 11 31 28 23 14 6 
8 28 20 17 8 11 22 33 2 27 27 7 12 14 25 6 5 37 35 29 5 38 5 8 1 1 5 21 11 36 20 26 7 12 40 20 33 32 28 21 21 36 15 15 6 20 3 40 15 25 27 1 18 20 33 20 33 28 31 28 16 19 30 39 19 40 22 9 24 24 13 20 40 35 0 28 21 1 3 34 21 39 22 18 33 17 5 4 7 12 2 35 35 39 16 34 35 21 5 31 
33 27 30 2 19 1 23 35 17 13 39 32 20 23 37 15 10 27 16 25 11 13 15 27 7 8 40 14 25 18 2 9 1 1 22 31 31 10 37 23 14 6 40 11 5 23 15 11 32 35 28 39 12 22 34 40 4 22 40 14 8 39 29 38 38 13 33 16 13 17 25 27 5 32 28 0 25 9 33 28 27 38 31 40 12 19 4 30 37 17 34 34 16 31 15 38 34 35 37 6 
10 19 10 23 12 33 29 32 2 34 37 10 38 23 4 4 5 28 17 18 10 31 21 38 36 24 16 12 26 36 28 30 35 4 22 19 5 18 2 16 40 4 1 27 17 31 20 32 18 26 13 30 40 3 27 20 23 2 1 29 11 33 16 12 16 27 21 31 36 36 33 23 32 17 21 25 0 1 27 37 5 26 6 23 28 27 13 34 8 20 19 9 9 9 29 3 28 4 26 30 
33 27 39 23 38 37 7 24 3 9 2 39 27 15 39 33 2 40 12 8 12 20 32 30 19 31 9 39 38 36 40 15 16 27 27 21 3 30 9 38 14 32 33 32 14 39 15 3 35 14 25 6 1 33 27 30 16 11 27 15 10 5 35 17 18 27 11 19 21 40 6 2 32 7 1 9 1 0 17 8 15 10 3 33 13 7 19 5 25 38 25 27 27 18 22 30 34 9 18 19 
39 36 8 7 40 23 32 29 3 4 7 8 40 31 26 30 12 7 7 15 5 22 32 6 30 20 32 40 31 6 25 36 11 6 9 32 19 11 22 34 2 30 14 9 33 6 1 28 14 18 29 19 27 27 1 2 18 16 40 34 25 12 16 4 40 38 2 8 19 25 21 27 32 14 3 33 27 17 0 31 34 21 20 7 14 15 34 2 3 3 34 30 27 24 21 20 28 13 17 26 
34 40 23 33 27 28 2 1 33 13 7 20 33 21 34 14 13 5 30 5 2 1 40 3 30 3 17 40 12 16 2 15 39 19 16 40 40 17 2 24 25 6 27 12 25 32 17 36 28 16 33 9 38 10 40 24 35 22 21 5 29 8 15 1 39 6 5 4 8 6 40 16 9 25 34 28 37 8 31 0 17 23 28 39 13 34 29 33 38 1 28 1 31 36 27 1 16 34 30 12 
22 38 2 36 22 2 19 15 7 36 36 40 39 40 39 38 31 36 33 34 6 36 4 3 8 30 9 6 39 21 23 39 39 5 34 9 32 32 20 9 34 3 24 36 39 40 36 22 7 3 4 26 24 32 32 6 36 18 28 24 12 31 4 5 9 40 34 22 6 19 34 35 29 35 21 27 5 15 34 17 0 2 29 36 23 35 29 11 27 4 5 9 27 24 40 28 26 12 4 37 
38 17 23 8 11 25 27 30 6 20 28 32 10 35 27 36 5 16 39 2 18 31 24 25 40 23 20 39 20 19 27 10 32 2 12 32 32 33 32 20 31 24 10 1 33 33 25 26 29 29 17 19 4 38 24 40 14 12 19 17 6 26 17 6 16 23 32 28 17 21 27 25 13 39 39 38 26 10 21 23 2 0 2 11 23 39 34 13 35 9 21 36 37 31 11 4 2 8 40 8 
32 30 18 3 15 1 27 39 38 37 29 26 29 20 26 1 1 39 22 6 14 23 10 31 23 11 24 35 37 11 15 23 13 5 24 2 12 18 31 20 4 9 23 13 31 26 13 11 24 12 5 22 21 33 19 12 21 31 26 2 40 40 8 30 3 19 26 22 17 40 38 27 36 3 22 31 6 3 20 28 29 2 0 16 23 39 2 16 30 16 34 8 10 19 20 5 34 17 38 33 
3 8 34 36 2 38 12 2 23 30 39 28 29 32 12 9 21 31 4 18 21 14 24 10 33 4 40 40 37 34 1 5 36 24 8 17 24 13 33 25 15 8 25 12 17 3 24 36 9 17 29 16 32 8 25 25 29 30 34 29 13 40 18 29 32 26 28 14 20 23 27 26 36 33 18 40 23 33 7 39 36 11 16 0 37 16 13 39 34 8 22 4 9 7 31 21 13 27 24 25 
39 35 26 3 15 12 32 26 27 31 29 9 4 35 22 8 23 36 27 34 12 8 13 18 38 23 7 13 9 26 34 7 21 10 4 30 4 8 4 26 17 10 4 27 38 32 14 16 33 34 36 2 25 29 23 36 11 2 4 17 10 19 33 34 11 29 24 4 38 17 30 13 1 17 33 12 28 13 14 13 23 23 23 37 0 27 33 16 40 11 11 27 40 30 3 36 11 34 39 24 
7 36 22 34 21 9 11 9 28 35 31 17 13 16 6 36 38 35 7 1 10 7 16 10 21 8 4 4 15 40 3 17 2 33 28 10 28 15 30 6 37 29 36 6 20 37 18 35 36 35 31 7 4 5 40 22 27 15 9 16 11 5 12 27 11 14 29 24 21 18 38 5 28 4 17 19 27 7 15 34 35 39 39 16 27 0 37 12 20 25 4 5 19 12 33 25 36 30 40 27 
34 24 18 31 19 20 18 32 25 19 11 12 33 6 4 15 40 12 19 5 18 25 15 35 15 18 7 33 35 19 16 11 22 7 30 22 10 36 10 35 27 11 27 1 30 3 31 30 28 23 40 21 16 21 20 34 17 19 30 20 15 36 2 13 3 12 26 11 11 8 8 6 16 34 5 4 13 19 34 29 29 34 2 13 33 37 0 33 6 24 29 32 11 23 4 24 35 8 1 20 
33 13 33 22 37 33 14 20 19 34 34 18 32 25 28 38 1 38 10 10 30 27 20 16 4 11 17 21 11 8 31 8 8 30 29 23 26 11 12 11 23 11 1 15 32 31 20 28 24 3 27 15 29 35 15 15 31 16 27 15 26 28 37 31 33 10 6 21 10 5 28 10 20 33 4 30 34 5 2 33 11 13 16 39 16 12 33 0 17 35 36 23 26 13 21 40 32 12 5 24 
14 23 6 15 35 26 35 30 32 6 30 21 29 38 22 7 2 35 14 34 11 5 11 21 22 10 34 28 22 13 26 4 38 4 14 17 26 25 29 31 17 35 20 30 24 29 7 36 33 14 21 11 31 9 32 4 21 40 15 39 19 21 1 31 19 31 35 1 18 30 28 13 30 7 7 37 8 25 3 38 27 35 30 34 40 20 6 17 0 16 3 6 5 4 15 7 30 2 10 3 
34 11 15 18 10 37 22 8 36 38 4 35 16 15 3 7 21 4 29 17 2 5 11 7 20 5 20 17 9 19 39 22 15 29 11 17 14 38 10 14 15 12 17 18 31 14 29 14 10 25 9 21 40 21 7 11 15 7 30 28 17 18 2 22 16 23 16 35 20 34 35 4 17 33 12 17 20 38 3 1 4 9 16 8 11 25 24 35 16 0 15 31 39 34 8 6 34 19 5 10 
31 31 3 33 11 23 8 39 33 12 28 4 28 37 26 21 30 28 4 9 13 14 22 23 9 34 13 7 5 12 29 4 9 20 8 19 26 11 33 4 20 39 26 26 8 9 21 20 22 14 5 3 5 9 11 35 16 1 3 23 24 29 37 31 39 37 27 15 24 16 26 20 27 17 2 34 19 25 34 28 5 21 34 22 11 4 29 36 3 15 0 37 32 28 39 30 19 23 15 25 
16 30 40 4 1 15 7 20 35 8 24 25 34 22 35 1 9 1 7 21 19 15 16 12 17 9 13 5 39 27 4 34 40 10 13 20 20 32 31 18 13 6 5 13 36 32 21 22 6 27 34 40 22 26 35 6 8 32 1 34 33 26 25 32 33 15 22 10 31 39 12 25 13 22 35 34 9 27 30 1 9 36 8 4 27 5 32 23 6 31 37 0 23 17 14 21 38 11 22 14 
29 27 15 30 13 19 36 39 7 6 20 37 32 39 36 15 8 38 9 13 9 14 32 28 29 29 2 38 38 28 5 33 9 6 6 37 25 35 10 35 13 14 30 31 33 20 33 3 34 2 9 17 2 4 35 36 28 6 11 25 3 13 33 18 22 15 21 20 33 8 30 2 29 32 35 16 9 27 27 31 27 37 10 9 40 19 11 26 5 39 32 23 0 22 32 10 9 19 10 1 
12 6 17 8 3 5 38 17 40 30 29 14 20 28 32 22 20 1 3 37 14 27 38 21 13 15 32 39 6 11 3 33 6 28 27 6 17 17 14 19 4 3 6 7 3 30 32 33 38 24 5 1 19 24 23 27 4 23 28 20 40 19 38 5 9 15 15 27 4 6 4 21 35 24 39 31 9 18 24 36 24 31 19 7 30 12 23 13 4 34 28 17 22 0 6 20 15 11 6 33 
35 19 3 22 13 36 35 30 39 19 12 10 40 20 9 21 2 14 33 39 30 6 35 20 29 31 13 14 37 23 35 7 33 16 36 13 28 25 2 25 26 30 30 10 1 33 26 8 7 20 19 35 32 6 7 30 37 24 33 30 20 22 24 19 20 21 16 22 40 37 34 7 31 11 16 15 29 22 21 27 40 11 20 31 3 33 4 21 15 8 39 14 32 6 0 6 19 10 13 35 
2 39 20 5 19 9 13 22 38 26 35 35 39 28 18 7 16 11 9 24 27 34 17 10 34 4 17 31 9 12 14 31 40 37 29 5 20 5 5 24 12 19 30 2 2 30 25 32 23 19 31 14 20 2 25 25 2 25 12 35 39 5 2 15 12 18 21 13 37 40 30 13 37 31 34 38 3 30 20 1 28 4 5 21 36 25 24 40 7 6 30 21 10 20 6 0 30 21 12 26 
32 5 31 34 22 33 18 38 11 13 1 24 8 22 17 5 20 22 29 10 25 15 36 11 38 26 36 16 29 34 35 4 37 20 15 38 27 20 38 30 8 17 11 5 10 1 5 23 23 6 31 27 26 16 29 4 25 34 26 6 39 18 3 28 33 25 39 18 28 4 8 14 19 28 35 34 28 34 28 16 26 2 34 13 11 36 35 32 30 34 19 38 9 15 19 30 0 29 18 11 
33 24 38 40 30 5 37 2 9 3 9 17 18 38 38 32 4 9 32 35 27 3 17 6 2 29 29 15 3 33 30 8 20 38 11 11 32 4 25 15 32 30 23 33 2 39 31 11 5 14 22 5 2 2 35 21 13 4 27 40 30 16 21 40 24 40 14 24 14 8 11 30 13 23 21 35 4 9 13 34 12 8 17 27 34 30 8 12 2 19 23 11 19 11 10 21 29 0 33 24 
24 25 13 18 33 31 39 32 4 18 39 15 11 29 16 34 29 1 35 18 34 10 23 1 40 1 24 9 17 39 5 25 10 39 14 24 40 36 24 24 9 14 4 28 5 9 4 40 23 17 31 24 28 36 31 26 25 25 32 35 17 16 22 32 8 17 16 32 9 26 10 1 15 14 5 37 26 18 17 30 4 40 38 24 39 40 1 5 10 5 15 22 10 6 13 12 18 33 0 13 
24 35 1 7 37 23 14 25 8 1 31 38 37 39 14 27 11 3 17 21 4 6 29 34 13 28 37 39 19 19 19 14 18 39 35 8 14 26 31 36 40 14 14 20 40 6 30 33 23 35 28 13 36 16 12 37 6 37 40 9 20 35 6 23 31 35 13 20 24 39 26 9 12 6 31 6 30 19 26 12 37 8 33 25 24 27 20 24 3 10 25 14 1 33 35 26 11 24 13 0 
